12,12,12,12;1,3,1,3;2.1,2.4,4.1,4.4;1
12,12,13,13;1,3,2,0;2.3,4.2,2.1,3.5;1
12,12,13,15;0,3,2,0;3.4,4.2,2.1,2.3;0
12,12,13,19;0,3,3,0;2.2,4.4,2.3,2.1;0
12,12,13,20;2,3,2,0;2.3,4.2,2.1,2.5;0
12,12,13,21;0,3,3,1;3.1,4.4,2.3,2.1;0
12,12,14,14;1,3,2,2;4.1,4.4,2.1,3.1;0
12,12,14,16;0,2,2,1;3.1,3.4,2.1,3.2;0
12,12,14,25;1,2,2,1;3.1,3.4,2.1,4.3;0
12,12,15,15;2,0,0,2;2.1,3.4,2.3,4.1;1
12,12,15,19;3,3,3,0;2.4,4.4,2.2,2.1;0
12,12,15,20;0,0,0,2;3.2,3.4,2.3,2.1;0
12,12,16,25;1,2,2,1;2.1,2.4,3.3,4.4;0
12,12,18,20;2,2,1,1;2.1,3.4,2.3,4.1;0
12,12,18,28;1,1,3,1;2.1,4.1,3.5,2.4;0
12,12,19,19;1,3,1,3;4.1,4.4,2.1,2.5;0
12,12,19,20;2,0,0,3;3.2,3.4,2.1,2.2;0
12,12,20,20;2,0,2,0;2.3,3.2,2.1,2.5;1
12,12,20,27;2,1,1,3;2.1,2.3,4.1,3.5;0
12,12,25,25;2,2,2,1;2.2,2.4,2.1,4.4;0
12,13,13,15;2,0,1,0;2.4,3.2,4.3,2.1;0
12,13,13,19;2,2,1,0;2.4,2.2,4.3,2.1;0
12,13,13,20;1,0,1,0;2.1,2.4,4.1,2.5;0
12,13,13,21;3,2,3,2;4.4,2.1,2.3,3.3;0
12,13,14,18;3,2,2,2;4.3,3.1,2.1,3.3;0
12,13,14,19;3,0,2,1;4.2,3.5,2.1,3.1;0
12,13,14,20;2,3,2,1;3.4,3.1,2.1,4.1;0
12,13,14,27;2,2,2,0;3.4,3.1,2.1,3.3;1
12,13,16,18;3,2,1,2;4.2,2.1,3.3,2.3;0
12,13,16,19;3,0,2,1;4.4,3.2,2.5,2.1;0
12,13,17,18;0,3,1,3;3.1,2.1,2.4,3.5;0
12,13,17,20;2,3,2,1;2.1,2.3,3.3,4.1;0
12,13,18,22;3,0,1,1;4.2,3.5,2.1,2.4;0
12,13,18,23;2,3,0,1;2.4,2.1,3.1,4.2;0
12,13,18,24;2,2,1,3;3.4,2.1,2.3,4.2;0
12,13,18,25;2,2,2,1;2.4,3.1,2.1,4.4;0
12,13,18,27;3,3,0,2;2.4,4.3,3.1,2.1;0
12,13,19,22;1,0,0,2;2.3,3.5,2.1,2.2;0
12,13,19,23;1,0,0,3;2.2,2.5,2.1,4.2;0
12,13,19,24;2,0,0,1;3.2,3.5,2.1,2.2;0
12,13,19,25;1,3,0,0;2.2,4.2,2.1,2.5;0
12,13,20,22;0,3,0,1;2.1,2.2,2.5,4.3;0
12,13,20,23;0,3,0,2;3.1,2.1,2.5,2.4;0
12,13,20,24;1,3,0,0;4.2,2.2,2.5,2.1;0
12,13,20,25;0,2,0,3;3.1,3.3,2.5,2.1;0
12,13,24,25;3,2,1,0;4.3,3.1,2.1,2.5;0
12,13,24,27;1,2,3,3;2.3,2.1,4.2,3.5;0
12,13,25,27;2,3,1,1;2.4,2.1,4.4,3.1;0
12,14,15,18;3,2,3,3;2.3,5.1,2.1,2.5;0
12,14,15,22;3,2,3,3;3.4,5.1,2.1,2.3;0
12,14,15,24;2,2,0,3;2.4,5.1,2.1,3.2;0
12,14,15,29;2,2,3,1;2.4,5.1,2.1,2.3;0
12,14,18,20;3,2,1,1;3.4,2.1,3.1,4.2;0
12,15,16,18;0,0,1,0;3.4,2.3,2.1,3.1;0
12,15,19,22;0,0,0,2;3.4,2.3,2.1,2.2;0
12,15,20,22;3,3,0,1;2.3,2.1,2.5,4.3;0
12,15,20,25;2,3,1,0;2.1,2.3,4.1,2.5;0
12,15,20,28;2,0,1,2;2.1,2.3,4.1,3.4;0
12,15,22,25;2,3,3,1;3.4,2.1,2.3,4.3;0
12,15,24,25;3,3,2,1;2.3,2.1,2.5,4.3;0
12,15,25,29;2,0,1,2;2.4,2.1,4.4,3.2;0
12,16,18,19;3,2,1,0;4.4,2.5,2.2,2.1;0
12,16,18,20;2,1,0,0;2.3,2.1,3.1,2.5;0
12,16,20,24;2,1,1,0;2.4,2.2,4.2,2.1;0
12,18,18,19;1,0,3,0;2.3,2.2,3.5,2.1;0
12,18,18,20;0,2,3,0;2.1,2.2,3.3,2.5;0
12,18,19,19;3,3,0,1;3.3,3.5,2.1,2.2;0
12,18,19,20;2,2,0,0;3.2,2.2,2.1,2.5;0
12,18,19,25;0,1,0,0;3.3,2.2,2.1,2.5;0
12,18,19,27;0,3,0,2;2.2,3.5,2.1,2.3;0
12,18,20,20;1,1,3,0;4.2,3.1,2.1,2.5;0
12,18,20,25;3,0,0,3;3.3,3.1,2.5,2.1;0
12,18,20,27;3,1,0,3;4.2,2.1,2.5,2.4;0
12,18,21,27;2,0,3,2;2.4,3.1,3.3,2.1;0
12,19,19,22;3,0,1,3;4.4,2.1,2.2,3.3;0
12,19,19,25;3,1,3,0;3.2,2.1,4.4,2.5;0
12,19,19,29;0,2,3,3;2.1,2.4,4.4,2.2;0
12,19,20,22;2,0,0,2;2.3,2.1,2.5,2.2;0
12,19,20,24;1,1,1,2;3.2,2.1,4.1,2.5;0
12,19,20,29;1,0,0,0;2.2,2.1,2.5,3.4;0
12,19,21,25;2,0,3,3;3.4,2.1,3.2,2.2;0
12,19,25,27;2,1,2,0;3.4,2.2,2.1,3.3;0
12,20,20,22;1,3,0,1;3.1,2.1,2.5,4.3;0
12,20,20,29;0,3,0,3;3.1,2.1,2.5,3.2;0
12,20,21,24;1,1,2,2;2.1,4.1,2.4,2.5;0
12,20,21,25;1,0,2,2;2.2,2.5,3.4,2.1;0
12,20,24,25;3,1,0,3;3.4,4.2,2.1,2.2;0
13,13,13,13;1,3,1,3;2.1,2.3,4.1,4.3;1
13,13,14,14;1,3,2,2;4.1,4.3,2.1,3.1;0
13,13,14,17;2,0,2,1;3.1,3.5,2.1,3.3;0
13,13,14,24;2,3,2,3;3.1,3.3,2.1,4.3;0
13,13,15,15;2,0,0,2;2.4,3.2,2.1,4.3;1
13,13,15,19;0,0,0,2;3.2,3.4,2.1,2.4;0
13,13,15,20;3,3,3,2;2.3,4.3,3.2,2.1;0
13,13,17,24;2,3,2,3;2.1,2.3,3.3,4.2;0
13,13,18,19;0,0,0,1;2.5,3.2,3.3,2.1;0
13,13,18,29;3,3,0,3;2.3,4.3,3.1,2.1;0
13,13,19,19;2,0,0,2;2.2,3.4,2.1,2.4;1
13,13,19,20;0,2,1,0;3.2,3.3,2.1,2.5;0
13,13,19,27;0,1,1,3;3.2,4.3,2.1,2.5;0
13,13,20,20;1,3,1,3;4.1,4.3,2.1,2.2;0
13,13,24,24;2,2,2,3;2.1,2.3,2.5,4.2;0
13,14,15,18;3,2,3,2;3.2,5.1,2.1,2.3;0
13,14,15,23;3,2,3,3;2.3,5.1,2.1,3.2;0
13,14,15,25;2,2,0,1;2.1,5.1,2.3,3.4;0
13,14,15,28;0,2,3,1;2.5,5.1,2.1,2.3;0
13,14,18,19;3,2,0,1;4.3,2.1,3.1,3.2;0
13,15,17,18;0,0,1,3;3.2,2.1,2.4,3.5;0
13,15,19,23;3,3,2,1;4.2,3.1,2.4,2.1;0
13,15,19,24;0,3,1,2;3.2,3.3,2.1,2.5;0
13,15,19,29;2,0,3,2;2.4,2.1,4.5,3.2;0
13,15,20,23;0,0,0,2;3.2,2.1,2.5,2.4;0
13,15,23,24;0,3,3,1;2.5,3.1,4.2,2.1;0
13,15,24,25;2,3,3,0;2.1,2.3,4.2,2.5;0
13,15,24,28;2,0,3,2;2.1,2.3,4.2,3.4;0
13,17,18,19;2,1,3,0;2.2,2.4,3.5,2.1;0
13,17,18,20;1,2,2,0;4.1,2.1,2.2,2.5;0
13,17,19,25;0,1,1,2;3.5,3.3,2.2,2.1;0
13,18,18,19;0,1,0,0;2.5,2.2,3.3,2.1;0
13,18,18,20;3,3,0,0;2.1,2.4,3.1,2.5;0
13,18,19,19;3,2,0,1;4.2,3.3,2.1,2.2;0
13,18,19,20;2,1,0,0;3.3,2.2,2.1,2.5;0
13,18,19,24;1,3,0,1;3.2,3.5,2.1,2.2;0
13,18,19,27;1,1,0,3;4.3,2.2,2.1,2.5;0
13,18,20,20;1,0,3,0;3.2,3.1,2.1,2.5;0
13,18,20,24;0,2,0,0;3.3,2.2,2.5,2.1;0
13,18,20,27;0,0,0,2;2.4,3.1,2.5,2.1;0
13,18,21,27;2,3,2,2;2.1,3.5,3.3,2.3;0
13,19,19,23;3,0,1,3;3.3,2.1,2.2,4.2;0
13,19,19,28;0,0,1,1;3.5,2.1,2.2,3.3;0
13,19,20,23;2,0,0,2;2.2,2.1,2.5,2.4;0
13,19,20,25;1,1,1,0;3.2,2.1,4.1,2.5;0
13,19,20,28;1,2,2,2;4.2,2.4,2.1,2.3;0
13,19,21,24;3,0,3,2;2.2,2.1,3.2,2.5;0
13,19,21,25;1,1,1,0;4.1,2.1,3.2,2.5;0
13,19,24,25;3,1,3,2;3.3,2.2,4.3,2.1;0
13,20,20,23;1,3,0,1;4.1,2.1,2.5,3.1;0
13,20,20,24;3,3,1,2;3.1,2.1,4.1,2.5;0
13,20,20,28;0,2,1,1;2.5,2.1,4.2,2.3;0
13,20,21,24;2,0,2,1;3.1,2.5,3.4,2.1;0
13,20,24,27;0,1,0,2;2.5,4.2,2.1,2.2;0
14,14,14,14;2,2,2,2;2.1,3.1,4.1,5.1;1
14,14,19,19;2,2,1,3;2.1,3.1,4.1,4.5;0
14,14,20,20;2,2,1,3;2.1,3.1,4.1,4.2;0
14,15,15,26;2,3,1,0;5.1,2.1,2.4,2.3;1
14,16,18,18;2,2,1,3;2.1,3.4,3.1,3.5;0
14,17,18,18;2,2,0,2;2.1,3.2,3.1,3.3;0
14,18,19,22;2,3,1,3;2.1,3.5,3.1,4.2;0
14,18,20,23;2,2,1,3;2.1,3.3,4.1,3.1;0
14,19,24,27;2,1,3,3;2.1,3.1,4.2,3.5;0
14,20,25,27;2,1,3,3;2.1,4.1,3.1,3.5;0
15,15,19,19;3,1,0,2;2.2,3.3,2.1,2.4;1
15,15,19,20;0,2,2,1;2.1,3.2,2.4,4.1;0
15,15,20,20;1,3,2,0;2.3,3.2,2.1,2.5;1
15,15,22,22;3,1,3,1;2.1,3.4,2.3,4.3;1
15,15,23,23;1,3,1,3;2.4,3.1,2.1,4.2;1
15,18,19,24;3,1,0,2;3.3,2.2,2.1,2.5;0
15,18,19,25;0,1,2,1;3.2,2.1,2.4,4.3;0
15,18,19,28;3,3,0,1;2.2,3.5,2.1,2.4;0
15,18,19,29;0,3,2,2;2.1,3.4,2.4,3.2;0
15,18,20,24;0,2,2,3;3.2,2.3,2.1,4.3;0
15,18,20,25;3,0,2,0;2.3,3.2,2.1,2.5;0
15,18,20,28;0,0,2,2;2.3,3.2,2.1,3.4;0
15,18,20,29;3,2,2,1;3.2,2.3,2.1,3.4;0
15,19,19,26;3,2,3,0;2.1,2.4,4.4,2.3;0
15,19,20,26;0,0,0,0;2.2,2.1,2.5,3.3;1
15,19,24,29;0,0,2,1;2.2,2.1,2.5,3.3;0
15,19,25,25;0,1,2,1;3.3,2.2,2.1,4.4;0
15,19,25,28;3,3,0,1;2.1,4.4,2.5,2.3;0
15,20,20,26;3,3,0,0;3.1,2.1,2.5,3.3;0
15,20,24,24;0,3,2,3;3.1,2.1,2.5,4.2;0
15,20,24,29;3,0,1,0;3.1,2.5,2.1,3.4;0
15,20,25,28;0,0,2,3;2.2,2.5,2.1,3.3;0
15,24,25,27;0,2,2,0;2.2,2.5,2.1,3.3;1
16,16,18,18;1,1,2,0;2.1,3.3,2.3,3.1;1
16,18,19,22;1,2,0,2;3.3,2.3,2.1,2.2;0
16,18,20,22;2,1,0,1;2.4,2.1,2.5,4.3;0
16,18,24,25;2,1,2,1;2.4,2.1,2.5,4.3;0
17,17,18,18;1,1,1,3;2.4,3.2,2.1,3.5;1
17,18,19,23;2,2,0,3;2.2,2.3,2.1,4.2;0
17,18,20,23;1,1,0,2;3.2,2.1,2.5,2.4;0
17,18,24,25;2,0,1,0;3.2,3.1,2.1,2.5;0
18,18,19,19;0,2,1,3;2.1,3.3,2.2,4.4;1
18,18,20,20;3,1,3,1;2.5,3.1,2.1,4.2;1
18,18,22,22;1,3,1,3;2.1,3.5,2.4,4.2;1
18,18,23,23;2,0,3,1;2.3,3.1,2.1,4.2;1
18,18,28,28;1,3,1,3;2.1,3.5,2.4,3.2;1
18,18,29,29;2,0,3,1;2.3,3.1,2.1,3.4;1
18,22,24,27;1,1,3,3;2.1,2.4,4.2,3.5;0
18,23,25,27;0,1,3,3;3.1,4.2,2.1,2.5;0
18,24,24,29;1,2,3,0;2.1,2.5,4.2,2.4;0
18,25,25,28;0,3,0,2;3.1,2.1,2.5,3.3;0
19,19,19,19;1,3,1,3;2.1,2.5,4.1,4.5;1
19,19,20,20;1,3,1,3;2.1,2.5,4.1,4.2;1
19,19,21,21;0,2,1,3;2.1,2.4,2.2,3.2;1
19,19,22,22;0,2,2,0;2.1,2.4,2.2,2.3;1
19,19,29,29;1,3,0,2;2.1,4.5,2.5,3.2;1
19,20,21,21;0,3,3,1;2.1,2.2,3.2,3.3;0
19,20,22,22;1,0,3,1;2.1,2.5,3.2,4.3;0
19,20,23,23;0,3,1,3;2.1,2.2,3.2,4.2;0
19,22,24,25;1,3,2,1;2.1,3.2,2.5,4.3;0
19,25,27,29;3,3,1,0;4.5,2.1,3.1,2.5;0
20,20,20,20;1,3,1,3;2.1,2.2,4.1,4.2;1
20,20,21,21;2,0,0,2;2.1,2.5,2.3,3.4;1
20,20,23,23;2,0,0,2;2.1,2.5,2.3,2.4;1
20,20,28,28;3,1,0,2;2.2,4.1,2.1,3.4;1
20,23,24,25;1,3,1,0;4.1,3.1,2.1,2.5;0
20,24,27,28;3,3,1,2;2.2,4.2,2.1,3.4;0
24,24,27,27;1,3,1,3;2.2,4.2,2.1,3.5;1
25,25,27,27;3,1,3,1;2.1,4.4,2.5,3.1;1
