12,12,12,12,13,29,36;3,1,1,1,1,3,2;1.2,3.0,4.5,6.3,2.5,0.3,4.2;0
12,12,12,12,19,29,36;3,0,1,1,0,3,2;1.2,2.6,3.0,6.3,2.5,0.3,4.2;0
12,12,12,12,21,29,36;3,1,0,1,1,3,2;1.2,3.0,3.5,6.3,2.5,0.3,4.2;0
12,12,12,12,25,27,31;3,0,2,2,0,2,1;0.3,2.6,3.0,5.2,1.5,2.1,5.4;0
12,12,12,12,25,28,31;2,3,0,1,1,1,2;1.4,2.1,2.6,6.3,4.5,0.3,4.0;0
12,12,12,12,26,27,31;2,2,1,1,0,1,0;0.3,3.0,4.5,6.3,1.2,4.2,1.5;0
12,12,12,12,26,28,31;2,3,0,0,0,1,2;1.4,2.1,2.6,5.3,4.5,0.3,4.0;0
12,12,12,13,13,24,36;2,2,2,2,2,0,3;0.3,3.0,5.2,3.6,5.4,1.5,1.2;0
12,12,12,13,13,27,36;3,2,2,2,2,2,3;0.3,3.0,5.2,3.6,5.4,2.1,1.5;0
12,12,12,13,13,28,36;2,3,0,3,3,1,0;1.4,2.1,2.6,4.0,6.2,0.3,4.5;0
12,12,12,13,18,25,31;3,3,1,2,3,1,2;0.3,2.1,6.3,3.6,3.5,1.5,4.0;0
12,12,12,13,18,29,32;3,2,1,1,0,3,2;1.2,3.0,4.5,2.5,3.2,0.3,6.2;0
12,12,12,13,19,24,36;0,1,1,1,0,3,2;2.6,3.0,6.3,0.3,2.5,1.2,4.2;0
12,12,12,13,19,27,36;0,2,1,1,0,1,2;2.6,3.0,6.3,0.3,2.5,4.2,1.2;0
12,12,12,13,19,28,36;2,0,2,3,2,1,0;1.4,2.6,3.0,6.2,2.1,0.3,4.5;0
12,12,12,13,19,29,35;3,2,1,1,0,3,1;1.2,3.0,4.5,2.5,3.2,0.3,5.3;0
12,12,12,13,20,29,36;3,1,1,2,2,3,2;1.2,3.0,6.3,3.6,2.5,0.3,4.2;0
12,12,12,13,21,24,36;2,2,1,2,2,0,3;0.3,3.0,5.2,3.6,5.5,1.5,1.2;0
12,12,12,13,21,27,36;3,2,1,2,2,2,3;0.3,3.0,5.2,3.6,5.5,2.1,1.5;0
12,12,12,13,21,28,36;2,2,0,3,3,1,0;1.4,2.1,2.6,6.2,3.0,0.3,4.5;0
12,12,12,13,21,29,36;3,1,1,2,2,3,2;1.2,3.0,6.3,2.5,3.7,0.3,4.2;0
12,12,12,13,24,25,31;3,3,0,2,2,1,2;0.3,2.1,5.3,3.6,3.5,1.5,4.0;0
12,12,12,13,24,29,32;3,1,1,1,3,3,2;1.2,3.0,4.5,2.5,4.2,0.3,6.2;0
12,12,12,13,25,25,31;0,2,2,2,0,0,1;2.6,3.0,5.2,0.3,1.2,1.5,5.4;0
12,12,12,13,25,26,31;2,3,2,2,0,0,1;3.0,3.6,5.2,0.3,1.2,1.5,5.4;0
12,12,12,13,25,27,32;3,2,2,2,0,2,1;0.3,3.0,5.2,5.4,1.5,2.1,2.6;0
12,12,12,13,25,28,32;2,3,0,3,1,1,2;1.4,2.1,2.6,4.0,4.5,0.3,6.2;0
12,12,12,13,25,29,30;3,1,1,1,3,3,1;1.2,4.5,6.3,2.5,5.1,0.3,3.0;0
12,12,12,13,25,29,34;3,2,1,1,2,3,0;1.2,3.0,6.3,2.5,3.2,0.3,4.5;0
12,12,12,13,25,29,39;3,2,1,1,2,3,0;1.2,3.0,4.5,2.5,3.2,0.3,5.4;0
12,12,12,13,26,27,33;3,2,2,2,0,2,1;0.3,3.0,5.2,3.6,1.5,2.1,4.5;0
12,12,12,13,26,27,39;3,2,2,2,0,2,2;0.3,3.0,5.2,5.4,1.5,2.1,3.6;0
12,12,12,13,26,28,33;2,3,0,3,0,1,0;1.4,2.1,2.6,6.2,4.5,0.3,4.0;0
12,12,12,13,26,28,39;2,3,0,3,0,1,3;1.4,2.1,2.6,4.0,4.5,0.3,5.3;0
12,12,12,13,26,29,34;3,1,1,1,0,3,0;1.2,3.0,6.3,2.5,4.2,0.3,4.5;0
12,12,12,13,26,29,39;3,1,1,1,0,3,0;1.2,3.0,4.5,2.5,4.2,0.3,5.4;0
12,12,12,13,27,28,35;2,1,1,1,1,1,1;3.0,4.5,6.3,2.5,4.2,1.2,0.3;0
12,12,12,13,27,29,39;2,1,1,1,1,3,2;3.0,4.5,6.3,2.5,4.2,0.3,1.2;0
12,12,12,13,28,28,35;2,3,0,3,1,3,3;1.4,2.1,2.6,4.0,0.3,4.5,5.3;0
12,12,12,13,28,29,39;2,3,0,3,1,1,0;1.4,2.1,2.6,4.0,0.3,5.3,4.5;0
12,12,12,13,29,29,35;3,1,1,1,3,1,1;1.2,3.0,4.5,2.5,0.3,4.2,5.3;0
12,12,12,14,25,27,32;3,2,1,1,3,1,1;0.3,3.0,6.3,1.5,2.1,4.2,2.6;0
12,12,12,14,25,28,32;2,0,1,1,1,1,3;1.4,2.6,6.3,2.2,4.5,0.3,2.1;0
12,12,12,14,26,27,32;2,2,1,1,0,1,1;0.3,3.0,6.3,1.5,1.2,4.2,2.6;0
12,12,12,14,26,28,32;2,0,0,1,0,1,3;1.4,2.6,5.3,2.2,4.5,0.3,2.1;0
12,12,12,15,19,25,31;0,2,2,3,2,0,1;2.6,3.0,5.2,0.3,1.4,1.2,5.4;0
12,12,12,15,25,29,31;2,3,2,3,0,3,1;3.0,3.6,5.2,0.3,1.2,1.4,5.4;0
12,12,12,15,27,28,31;3,3,0,3,3,3,2;0.3,2.1,2.6,5.3,1.5,4.5,4.0;0
12,12,12,15,28,28,31;2,3,0,3,1,3,2;1.4,2.1,2.6,5.3,0.3,4.5,4.0;0
12,12,12,18,19,29,32;3,0,2,0,0,3,2;1.2,2.6,3.0,3.2,2.5,0.3,6.2;0
12,12,12,18,21,29,32;3,2,0,0,1,3,2;1.2,3.0,3.5,3.2,2.5,0.3,6.2;0
12,12,12,19,19,29,35;3,0,2,0,0,3,1;1.2,2.6,3.0,2.5,3.2,0.3,5.3;0
12,12,12,19,21,28,36;3,2,3,2,0,1,0;0.3,3.0,3.6,2.1,5.5,5.3,1.5;0
12,12,12,19,21,29,35;3,2,0,0,1,3,1;1.2,3.0,3.5,3.2,2.5,0.3,5.3;0
12,12,12,19,24,29,32;3,0,1,0,3,3,2;1.2,2.6,3.0,2.5,4.2,0.3,6.2;0
12,12,12,19,25,27,32;0,2,1,0,3,1,0;2.6,3.0,6.3,2.5,2.1,4.2,0.3;0
12,12,12,19,25,28,32;2,0,2,2,1,1,2;1.4,2.6,3.0,2.1,4.5,0.3,6.2;0
12,12,12,19,25,29,30;3,0,1,0,3,3,1;1.2,2.6,6.3,2.5,5.1,0.3,3.0;0
12,12,12,19,25,29,39;3,0,2,0,2,3,0;1.2,2.6,3.0,2.5,3.2,0.3,5.4;0
12,12,12,19,26,27,39;0,2,1,0,0,1,1;2.6,3.0,6.3,2.5,1.2,4.2,0.3;0
12,12,12,19,26,28,39;2,0,2,2,0,1,3;1.4,2.6,3.0,2.1,4.5,0.3,5.3;0
12,12,12,19,26,29,39;3,0,1,0,0,3,0;1.2,2.6,3.0,2.5,4.2,0.3,5.4;0
12,12,12,19,27,28,35;0,2,1,0,1,1,1;2.6,3.0,6.3,2.5,4.2,1.2,0.3;0
12,12,12,19,27,29,39;0,2,1,0,1,3,2;2.6,3.0,6.3,2.5,4.2,0.3,1.2;0
12,12,12,19,28,28,35;2,0,2,2,1,3,3;1.4,2.6,3.0,2.1,0.3,4.5,5.3;0
12,12,12,19,28,29,39;2,0,2,2,1,1,0;1.4,2.6,3.0,2.1,0.3,5.3,4.5;0
12,12,12,19,29,29,35;3,0,1,0,3,1,1;1.2,2.6,3.0,2.5,0.3,4.2,5.3;0
12,12,12,20,25,29,32;3,2,1,0,2,3,1;1.2,3.0,6.3,2.5,3.2,0.3,2.6;0
12,12,12,20,26,29,32;3,1,1,0,0,3,1;1.2,3.0,6.3,2.5,4.2,0.3,2.6;0
12,12,12,21,21,28,36;3,2,3,3,0,1,0;0.3,2.1,3.6,3.0,5.5,5.3,1.5;0
12,12,12,21,24,29,32;3,1,0,1,3,3,2;1.2,3.0,3.5,2.5,4.2,0.3,6.2;0
12,12,12,21,25,27,32;3,2,0,3,1,3,2;0.3,2.1,2.6,3.0,4.5,1.5,6.2;0
12,12,12,21,25,28,32;2,2,0,3,1,1,2;1.4,2.1,2.6,3.0,4.5,0.3,6.2;0
12,12,12,21,25,29,30;3,0,1,1,3,3,1;1.2,3.5,6.3,2.5,5.1,0.3,3.0;0
12,12,12,21,25,29,39;3,2,0,1,2,3,0;1.2,3.0,3.5,2.5,3.2,0.3,5.4;0
12,12,12,21,26,27,32;2,2,1,2,0,1,1;0.3,3.0,6.3,3.7,1.2,4.2,1.5;0
12,12,12,21,26,27,39;3,2,0,3,0,3,3;0.3,2.1,2.6,3.0,4.5,1.5,5.3;0
12,12,12,21,26,28,32;2,0,0,0,0,1,3;1.4,2.6,5.3,2.1,4.5,0.3,3.2;0
12,12,12,21,26,28,39;2,2,0,3,0,1,3;1.4,2.1,2.6,3.0,4.5,0.3,5.3;0
12,12,12,21,26,29,39;3,1,0,1,0,3,0;1.2,3.0,3.5,2.5,4.2,0.3,5.4;0
12,12,12,21,27,28,35;2,0,1,1,1,1,1;3.0,3.5,6.3,2.5,4.2,1.2,0.3;0
12,12,12,21,27,29,39;2,0,1,1,1,3,2;3.0,3.5,6.3,2.5,4.2,0.3,1.2;0
12,12,12,21,28,28,35;2,2,0,3,1,3,3;1.4,2.1,2.6,3.0,0.3,4.5,5.3;0
12,12,12,21,28,29,39;2,2,0,3,1,1,0;1.4,2.1,2.6,3.0,0.3,5.3,4.5;0
12,12,12,21,29,29,35;3,1,0,1,3,1,1;1.2,3.0,3.5,2.5,0.3,4.2,5.3;0
12,12,12,22,25,29,31;3,2,1,2,3,3,0;0.3,3.0,4.5,4.2,2.1,5.3,1.5;0
12,12,12,22,26,29,31;2,2,1,2,0,3,0;0.3,3.0,4.5,4.2,1.2,5.3,1.5;0
12,12,13,13,13,25,36;2,2,2,2,2,0,3;3.0,5.2,0.3,3.6,5.4,1.2,1.5;0
12,12,13,13,13,27,36;2,2,1,2,2,2,3;3.0,5.2,0.3,3.6,5.4,2.4,1.2;0
12,12,13,13,13,29,36;1,1,2,0,1,3,2;4.5,6.3,1.2,2.1,2.5,0.3,4.2;0
12,12,13,13,18,24,32;3,2,2,2,1,0,3;0.3,5.2,3.6,5.4,2.2,1.5,2.1;0
12,12,13,13,18,25,32;2,2,1,2,2,0,1;3.0,5.2,0.3,5.4,2.3,1.2,2.6;0
12,12,13,13,18,28,31;3,1,1,2,3,1,2;2.1,6.3,1.4,3.6,3.5,0.3,4.0;0
12,12,13,13,18,29,31;3,2,1,3,0,3,1;1.2,3.0,2.5,6.2,3.2,0.3,4.5;0
12,12,13,13,19,24,35;2,1,1,1,0,3,1;3.0,4.5,0.3,2.5,3.2,1.2,5.3;0
12,12,13,13,19,25,36;0,1,1,1,0,3,2;2.6,6.3,0.3,3.0,2.5,5.1,1.2;0
12,12,13,13,19,27,36;0,1,1,0,0,1,2;2.6,6.3,0.3,2.1,2.5,1.2,4.2;0
12,12,13,13,19,29,36;0,1,2,0,0,3,2;2.6,6.3,1.2,2.1,2.5,0.3,4.2;0
12,12,13,13,20,24,36;3,3,0,3,0,1,0;0.3,3.6,2.1,6.2,2.2,5.3,1.5;0
12,12,13,13,20,25,35;3,3,2,3,0,1,3;0.3,2.1,3.6,4.0,3.5,1.5,5.3;0
12,12,13,13,20,27,36;3,0,0,3,0,3,0;0.3,2.6,2.1,6.2,2.2,1.5,4.5;0
12,12,13,13,20,28,36;2,0,0,3,0,1,0;1.4,2.6,2.1,6.2,2.2,0.3,4.5;0
12,12,13,13,21,24,36;1,1,1,2,2,3,2;3.0,6.3,0.3,2.5,3.7,1.2,4.2;0
12,12,13,13,21,25,36;2,1,2,2,2,0,3;3.0,5.2,0.3,3.6,5.5,1.2,1.5;0
12,12,13,13,21,27,36;2,1,1,2,2,1,2;3.0,6.3,0.3,2.5,3.7,4.2,1.2;0
12,12,13,13,21,28,36;2,0,0,3,0,1,0;1.4,2.6,3.2,6.2,2.1,0.3,4.5;0
12,12,13,13,21,29,36;0,1,2,0,1,3,2;3.5,6.3,1.2,2.1,2.5,0.3,4.2;0
12,12,13,13,22,29,36;2,1,1,1,2,3,2;3.0,4.5,0.3,2.5,4.2,5.3,1.2;0
12,12,13,13,23,28,36;3,3,2,3,2,1,0;0.3,2.1,3.6,4.0,4.5,5.3,1.5;0
12,12,13,13,24,24,32;2,2,2,2,0,0,3;0.3,5.2,3.6,5.4,1.2,1.5,2.1;0
12,12,13,13,24,25,30;2,2,2,2,0,0,0;3.0,5.2,3.6,5.4,1.5,1.2,0.3;1
12,12,13,13,24,25,33;3,3,2,3,2,1,0;0.3,2.1,3.6,6.2,3.5,1.5,4.0;0
12,12,13,13,24,25,34;3,2,2,2,0,3,1;0.3,3.0,3.6,5.4,1.5,2.1,4.2;0
12,12,13,13,24,25,39;3,2,2,2,0,3,1;0.3,5.2,3.6,5.4,1.5,2.1,3.0;0
12,12,13,13,24,26,34;2,2,2,2,0,0,1;0.3,3.0,3.6,5.4,1.5,1.2,4.2;0
12,12,13,13,24,26,39;2,2,2,2,0,0,1;0.3,5.2,3.6,5.4,1.5,1.2,3.0;0
12,12,13,13,24,28,31;3,0,1,2,2,1,2;2.1,5.3,1.4,3.6,3.5,0.3,4.0;0
12,12,13,13,24,28,39;3,3,3,3,1,1,1;2.1,3.6,4.0,6.2,5.3,0.3,1.4;0
12,12,13,13,24,29,31;3,1,1,3,3,3,1;1.2,3.0,2.5,6.2,4.2,0.3,4.5;0
12,12,13,13,24,29,35;3,3,3,3,1,3,3;2.1,3.6,4.0,6.2,5.3,1.4,0.3;0
12,12,13,13,25,25,32;2,2,2,2,0,0,1;3.0,5.2,0.3,5.4,1.2,1.5,2.6;0
12,12,13,13,25,26,33;2,2,2,2,0,0,1;3.0,5.2,0.3,3.6,1.2,1.5,4.5;0
12,12,13,13,25,26,39;2,2,2,2,0,0,2;3.0,5.2,0.3,5.4,1.2,1.5,3.6;0
12,12,13,13,25,28,31;3,1,1,3,1,1,2;2.1,6.3,1.4,3.5,4.5,0.3,4.0;0
12,12,13,13,25,28,35;1,1,1,1,3,1,1;4.5,6.3,2.5,3.0,5.1,1.2,0.3;0
12,12,13,13,25,29,31;3,2,1,0,2,3,1;1.2,3.0,2.5,5.4,3.2,0.3,4.5;0
12,12,13,13,25,29,39;1,1,1,1,3,3,2;4.5,6.3,2.5,3.0,5.1,0.3,1.2;0
12,12,13,13,26,28,31;3,0,1,3,0,1,2;2.1,5.3,1.4,3.5,4.5,0.3,4.0;0
12,12,13,13,26,29,31;3,1,1,0,0,3,1;1.2,3.0,2.5,5.4,4.2,0.3,4.5;0
12,12,13,13,27,27,32;2,2,2,2,2,2,0;3.0,5.2,3.6,5.4,2.1,2.4,0.3;1
12,12,13,13,27,28,32;2,3,3,3,3,1,1;1.4,2.1,4.0,6.2,4.5,0.3,2.6;0
12,12,13,13,27,29,32;1,1,2,1,1,3,3;4.5,6.3,1.2,2.5,4.2,0.3,2.1;0
12,12,13,13,28,29,30;3,1,1,3,1,1,1;2.1,5.4,1.4,4.0,0.3,5.3,3.5;1
12,12,13,13,28,29,32;2,3,3,0,1,1,1;1.4,2.1,4.0,4.5,0.3,5.3,2.6;1
12,12,13,14,18,25,32;3,1,0,1,1,3,1;0.3,6.3,2.1,1.5,2.2,5.1,2.6;0
12,12,13,14,18,29,32;3,2,3,1,0,3,1;1.2,3.0,6.2,2.5,3.2,0.3,2.6;0
12,12,13,14,24,25,32;2,1,0,1,0,3,1;0.3,6.3,2.1,1.5,1.2,5.1,2.6;0
12,12,13,14,24,29,32;3,1,3,1,3,3,1;1.2,3.0,6.2,2.5,4.2,0.3,2.6;0
12,12,13,14,25,25,32;3,1,1,1,3,3,1;0.3,6.3,3.0,1.5,2.1,5.1,2.6;0
12,12,13,14,25,26,32;2,1,1,1,3,0,1;0.3,6.3,3.0,1.5,5.1,1.2,2.6;0
12,12,13,14,25,29,32;3,2,0,1,2,3,1;1.2,3.0,5.4,2.5,3.2,0.3,2.6;0
12,12,13,14,26,29,32;3,1,0,1,0,3,1;1.2,3.0,5.4,2.5,4.2,0.3,2.6;0
12,12,13,15,19,25,32;2,2,2,3,2,0,1;3.0,5.2,5.4,0.3,1.4,1.2,2.6;0
12,12,13,15,19,28,31;0,2,0,3,2,0,1;2.6,5.2,1.2,0.3,1.4,3.0,5.4;0
12,12,13,15,19,29,31;0,1,3,3,2,1,3;2.6,5.4,4.0,0.3,1.4,5.3,1.2;0
12,12,13,15,20,25,31;3,3,2,3,0,1,2;0.3,2.1,3.6,5.3,3.5,1.5,4.0;0
12,12,13,15,20,29,32;0,2,0,3,0,2,1;0.4,4.1,0.3,5.3,3.5,2.1,2.6;0
12,12,13,15,21,25,35;2,2,2,3,1,0,2;3.0,5.2,5.4,0.3,1.4,1.2,3.5;0
12,12,13,15,21,29,35;0,2,0,3,2,2,0;0.4,4.1,0.3,5.3,4.6,2.1,2.6;0
12,12,13,15,25,28,31;3,3,3,3,1,3,2;0.3,2.1,3.5,5.3,1.5,4.5,4.0;0
12,12,13,15,25,29,33;2,2,2,3,0,3,1;3.0,5.2,3.6,0.3,1.2,1.4,4.5;0
12,12,13,15,25,29,39;2,2,2,3,0,3,2;3.0,5.2,5.4,0.3,1.2,1.4,3.6;0
12,12,13,15,28,29,31;3,2,0,3,0,3,1;3.6,5.2,1.2,0.3,3.0,1.4,5.4;0
12,12,13,15,28,29,34;0,2,0,3,3,2,1;2.6,4.1,0.3,5.3,4.5,2.1,0.4;0
12,12,13,15,28,29,39;0,2,0,3,3,2,3;0.4,4.1,0.3,5.3,4.5,2.1,2.6;0
12,12,13,15,29,29,31;3,1,3,3,3,1,3;3.6,5.4,4.0,0.3,1.4,5.3,1.2;0
12,12,13,18,19,24,32;0,2,1,0,0,3,2;2.6,3.0,0.3,3.2,2.5,1.2,6.2;0
12,12,13,18,19,25,32;0,1,0,1,0,3,0;2.6,6.3,2.1,2.2,2.5,5.1,0.3;0
12,12,13,18,20,29,32;3,2,2,0,2,3,2;1.2,3.0,3.6,3.2,2.5,0.3,6.2;0
12,12,13,18,21,24,32;3,1,2,1,2,0,3;0.3,5.2,3.6,2.2,5.5,1.5,2.1;0
12,12,13,18,21,25,32;3,2,2,3,3,1,2;0.3,2.1,3.6,3.5,3.0,1.5,6.2;0
12,12,13,18,21,28,32;3,0,3,2,0,1,0;2.1,2.6,4.0,2.3,5.5,5.3,0.3;0
12,12,13,18,21,29,31;3,1,0,1,1,3,0;0.3,4.5,2.1,2.2,5.1,5.3,1.5;0
12,12,13,18,21,29,32;3,2,2,0,2,3,2;1.2,3.0,2.5,3.2,3.7,0.3,6.2;0
12,12,13,19,19,24,35;0,2,1,0,0,3,1;2.6,3.0,0.3,2.5,3.2,1.2,5.3;0
12,12,13,19,20,25,35;0,1,0,0,2,3,1;2.6,6.3,2.1,2.5,1.2,5.1,0.3;0
12,12,13,19,20,29,35;3,2,2,0,2,3,1;1.2,3.0,3.6,3.2,2.5,0.3,5.3;0
12,12,13,19,21,24,35;2,0,1,0,1,3,1;3.0,3.5,0.3,3.2,2.5,1.2,5.3;0
12,12,13,19,21,28,35;3,0,3,2,0,1,3;2.1,2.6,4.0,1.4,5.5,5.3,0.3;0
12,12,13,19,21,29,35;3,2,2,0,2,3,1;1.2,3.0,2.5,3.2,3.7,0.3,5.3;0
12,12,13,19,22,29,36;0,2,1,0,2,3,2;2.6,3.0,0.3,2.5,4.2,5.3,1.2;0
12,12,13,19,23,28,36;3,2,2,2,2,1,0;0.3,3.0,3.6,2.1,4.5,5.3,1.5;0
12,12,13,19,24,24,32;0,1,1,0,3,3,2;2.6,3.0,0.3,2.5,1.2,4.2,6.2;0
12,12,13,19,24,25,30;0,1,1,0,3,3,1;2.6,6.3,0.3,2.5,1.2,5.1,3.0;0
12,12,13,19,24,25,39;0,1,0,0,0,3,1;2.6,6.3,2.1,2.5,1.2,5.1,0.3;0
12,12,13,19,24,26,39;0,1,1,0,3,0,0;2.6,3.0,0.3,2.5,1.2,4.2,5.4;0
12,12,13,19,24,28,39;2,3,3,2,1,1,1;3.0,3.6,6.2,2.1,5.3,0.3,1.4;0
12,12,13,19,24,29,35;2,3,3,2,1,3,3;3.0,3.6,6.2,2.1,5.3,1.4,0.3;0
12,12,13,19,25,25,32;0,1,1,0,3,3,0;2.6,6.3,3.0,2.5,2.1,5.1,0.3;0
12,12,13,19,25,26,39;0,1,1,0,3,0,1;2.6,6.3,3.0,2.5,5.1,1.2,0.3;0
12,12,13,19,25,28,35;0,1,1,0,3,1,1;2.6,6.3,3.0,2.5,5.1,1.2,0.3;0
12,12,13,19,25,29,39;0,1,1,0,3,3,2;2.6,6.3,3.0,2.5,5.1,0.3,1.2;0
12,12,13,19,26,27,32;3,0,3,0,0,3,3;0.3,2.6,6.2,2.2,4.5,1.5,2.1;0
12,12,13,19,26,28,32;2,0,3,0,0,1,3;1.4,2.6,6.2,2.2,4.5,0.3,2.1;0
12,12,13,19,27,27,32;0,1,1,0,1,1,3;2.6,6.3,0.3,2.5,1.2,4.2,2.1;0
12,12,13,19,27,28,32;2,2,3,2,3,1,1;1.4,3.0,6.2,2.1,4.5,0.3,2.6;0
12,12,13,19,27,29,32;0,1,2,0,1,3,3;2.6,6.3,1.2,2.5,4.2,0.3,2.1;0
12,12,13,19,28,29,30;2,1,1,2,1,1,1;3.0,5.4,1.4,2.1,0.3,5.3,3.5;0
12,12,13,19,28,29,32;2,2,0,2,1,1,1;1.4,3.0,4.5,2.1,0.3,5.3,2.6;0
12,12,13,20,21,25,35;3,2,2,0,3,1,3;0.3,2.1,3.6,3.5,3.0,1.5,5.3;0
12,12,13,20,21,28,36;3,3,0,0,0,1,0;0.3,3.6,2.1,2.2,5.5,5.3,1.5;0
12,12,13,20,24,25,32;2,1,1,0,3,2,1;3.0,6.3,0.3,2.5,1.2,3.2,2.6;0
12,12,13,20,24,26,32;1,1,1,0,3,0,1;3.0,6.3,0.3,2.5,1.2,4.2,2.6;0
12,12,13,20,24,29,32;3,1,2,2,3,3,2;1.2,3.0,3.6,2.5,4.2,0.3,6.2;0
12,12,13,20,25,27,32;3,0,0,0,1,3,2;0.3,2.6,2.1,2.2,4.5,1.5,6.2;0
12,12,13,20,25,28,32;2,0,0,0,1,1,2;1.4,2.6,2.1,2.2,4.5,0.3,6.2;0
12,12,13,20,25,29,30;3,1,2,2,3,3,1;1.2,6.3,3.6,2.5,5.1,0.3,3.0;0
12,12,13,20,25,29,39;3,2,2,2,2,3,0;1.2,3.0,3.6,2.5,3.2,0.3,5.4;0
12,12,13,20,26,27,39;3,0,0,0,0,3,3;0.3,2.6,2.1,2.2,4.5,1.5,5.3;0
12,12,13,20,26,28,39;2,0,0,0,0,1,3;1.4,2.6,2.1,2.2,4.5,0.3,5.3;0
12,12,13,20,26,29,39;3,1,2,2,0,3,0;1.2,3.0,3.6,2.5,4.2,0.3,5.4;0
12,12,13,20,27,28,35;2,1,2,2,1,1,1;3.0,6.3,3.6,2.5,4.2,1.2,0.3;0
12,12,13,20,27,29,39;2,1,2,2,1,3,2;3.0,6.3,3.6,2.5,4.2,0.3,1.2;0
12,12,13,20,28,28,35;2,0,0,0,1,3,3;1.4,2.6,2.1,2.2,0.3,4.5,5.3;0
12,12,13,20,28,29,39;2,0,0,0,1,1,0;1.4,2.6,2.1,2.2,0.3,5.3,4.5;0
12,12,13,20,29,29,35;3,1,2,2,3,1,1;1.2,3.0,3.6,2.5,0.3,4.2,5.3;0
12,12,13,21,21,28,36;3,3,0,0,0,1,0;0.3,3.6,3.2,2.1,5.5,5.3,1.5;0
12,12,13,21,22,29,36;2,0,1,1,2,3,2;3.0,3.5,0.3,2.5,4.2,5.3,1.2;0
12,12,13,21,23,28,36;3,2,2,3,2,1,0;0.3,2.1,3.6,3.0,4.5,5.3,1.5;0
12,12,13,21,24,24,32;2,1,2,2,0,0,3;0.3,5.2,3.6,5.5,1.2,1.5,2.1;0
12,12,13,21,24,25,30;2,1,2,2,0,0,0;3.0,5.2,3.6,5.5,1.5,1.2,0.3;0
12,12,13,21,24,25,32;3,0,2,0,2,1,3;0.3,5.3,3.6,2.1,3.5,1.5,3.2;0
12,12,13,21,24,25,39;3,2,2,3,2,1,3;0.3,2.1,3.6,3.0,3.5,1.5,5.3;0
12,12,13,21,24,26,39;2,1,2,2,0,0,1;0.3,5.2,3.6,5.5,1.5,1.2,3.0;0
12,12,13,21,24,28,32;3,3,3,0,1,1,0;2.1,3.6,4.0,5.5,2.3,5.3,0.3;0
12,12,13,21,24,28,39;2,3,3,3,1,1,1;2.1,3.6,6.2,3.0,5.3,0.3,1.4;0
12,12,13,21,24,29,31;2,1,0,1,0,3,0;0.3,4.5,2.1,5.1,1.2,5.3,1.5;0
12,12,13,21,24,29,32;3,1,2,2,3,3,2;1.2,3.0,2.5,3.7,4.2,0.3,6.2;0
12,12,13,21,24,29,35;2,3,3,3,1,3,3;2.1,3.6,6.2,3.0,5.3,1.4,0.3;0
12,12,13,21,25,25,32;0,2,2,3,0,0,2;2.6,3.0,0.3,5.2,1.2,1.5,5.3;0
12,12,13,21,25,26,32;2,3,2,3,0,0,2;3.0,3.6,0.3,5.2,1.2,1.5,5.3;0
12,12,13,21,25,26,39;2,1,2,2,0,0,2;3.0,5.2,0.3,5.5,1.2,1.5,3.6;0
12,12,13,21,25,27,32;2,1,2,2,3,1,0;3.0,6.3,2.5,3.7,2.1,4.2,0.3;0
12,12,13,21,25,28,30;3,3,3,0,1,1,1;0.3,2.1,4.0,5.5,1.5,5.3,3.5;0
12,12,13,21,25,28,32;2,0,0,0,1,1,2;1.4,2.6,3.2,2.1,4.5,0.3,6.2;0
12,12,13,21,25,28,34;3,0,3,0,0,1,0;0.3,2.6,4.0,5.5,1.5,5.3,2.1;0
12,12,13,21,25,28,35;0,1,1,1,3,1,1;3.5,6.3,3.0,2.5,5.1,1.2,0.3;0
12,12,13,21,25,28,39;3,0,3,0,0,1,2;2.1,2.6,4.0,5.5,1.5,5.3,0.3;0
12,12,13,21,25,29,30;3,1,2,2,3,3,1;1.2,6.3,2.5,3.7,5.1,0.3,3.0;0
12,12,13,21,25,29,31;3,1,1,1,3,3,0;0.3,4.5,3.0,5.1,2.1,5.3,1.5;0
12,12,13,21,25,29,32;3,2,0,1,2,3,1;1.2,3.0,5.4,2.5,3.2,0.3,3.5;0
12,12,13,21,25,29,39;3,2,2,2,2,3,0;1.2,3.0,2.5,3.7,3.2,0.3,5.4;0
12,12,13,21,26,27,39;2,1,2,2,0,1,1;3.0,6.3,2.5,3.7,1.2,4.2,0.3;0
12,12,13,21,26,28,34;3,3,3,0,0,1,0;0.3,3.6,4.0,5.5,1.5,5.3,2.1;0
12,12,13,21,26,28,39;2,0,0,0,0,1,3;1.4,2.6,3.2,2.1,4.5,0.3,5.3;0
12,12,13,21,26,29,31;2,1,1,1,0,3,0;0.3,4.5,3.0,5.1,1.2,5.3,1.5;0
12,12,13,21,26,29,32;3,1,0,1,0,3,1;1.2,3.0,5.4,2.5,4.2,0.3,3.5;0
12,12,13,21,26,29,39;3,1,2,2,0,3,0;1.2,3.0,2.5,3.7,4.2,0.3,5.4;0
12,12,13,21,27,27,32;2,1,2,2,2,2,0;3.0,5.2,3.6,5.5,2.1,2.4,0.3;0
12,12,13,21,27,28,32;2,2,3,3,3,1,1;1.4,2.1,6.2,3.0,4.5,0.3,2.6;0
12,12,13,21,27,28,35;2,1,2,2,1,1,1;3.0,6.3,2.5,3.7,4.2,1.2,0.3;0
12,12,13,21,27,29,32;0,1,2,1,1,3,3;3.5,6.3,1.2,2.5,4.2,0.3,2.1;0
12,12,13,21,27,29,39;2,1,2,2,1,3,2;3.0,6.3,2.5,3.7,4.2,0.3,1.2;0
12,12,13,21,28,28,35;2,0,0,0,1,3,3;1.4,2.6,3.2,2.1,0.3,4.5,5.3;0
12,12,13,21,28,28,39;3,3,3,0,1,1,1;2.1,3.6,4.0,5.5,0.3,5.3,1.4;0
12,12,13,21,28,29,30;2,1,1,3,1,1,1;2.1,5.4,1.4,3.0,0.3,5.3,3.5;0
12,12,13,21,28,29,32;2,2,0,3,1,1,1;1.4,2.1,4.5,3.0,0.3,5.3,2.6;0
12,12,13,21,28,29,35;3,3,3,0,1,3,3;2.1,3.6,4.0,5.5,5.3,1.4,0.3;0
12,12,13,21,28,29,39;2,0,0,0,1,1,0;1.4,2.6,3.2,2.1,0.3,5.3,4.5;0
12,12,13,21,29,29,30;3,1,1,1,3,3,1;1.2,4.5,2.5,5.1,0.3,5.3,3.0;0
12,12,13,21,29,29,35;3,1,2,2,3,1,1;1.2,3.0,2.5,3.7,0.3,4.2,5.3;0
12,12,13,22,25,29,32;2,1,1,2,3,3,0;3.0,4.5,2.5,4.2,2.1,5.3,0.3;0
12,12,13,22,26,29,33;2,1,1,2,0,3,0;3.0,4.5,0.3,4.2,1.2,5.3,2.4;0
12,12,13,22,26,29,39;2,1,1,2,0,3,1;3.0,4.5,2.5,4.2,1.2,5.3,0.3;0
12,12,13,22,28,29,35;2,1,1,2,1,3,1;3.0,4.5,2.5,4.2,1.2,5.3,0.3;0
12,12,13,22,29,29,39;2,1,1,2,3,3,2;3.0,4.5,2.5,4.2,0.3,5.3,1.2;0
12,12,13,23,27,28,32;3,3,3,2,3,1,1;0.3,2.1,4.0,4.5,1.5,5.3,2.6;0
12,12,13,23,28,28,32;2,3,3,2,1,1,1;1.4,2.1,4.0,4.5,0.3,5.3,2.6;0
12,12,14,15,19,25,32;0,2,2,3,2,0,2;2.6,3.0,5.2,0.3,1.4,1.2,6.2;0
12,12,14,15,19,29,32;0,1,1,3,2,1,3;2.6,5.4,1.2,0.3,1.4,5.3,2.1;0
12,12,14,15,25,29,32;2,3,2,3,0,3,2;3.0,3.6,5.2,0.3,1.2,1.4,6.2;0
12,12,14,15,27,28,32;3,0,1,3,3,3,3;0.3,2.6,2.2,5.3,1.5,4.5,2.1;0
12,12,14,15,28,28,32;2,0,1,3,1,3,3;1.4,2.6,2.2,5.3,0.3,4.5,2.1;0
12,12,14,15,29,29,32;3,1,1,3,3,1,3;3.6,5.4,1.2,0.3,1.4,5.3,2.1;0
12,12,14,22,25,29,32;3,2,1,2,3,3,1;0.3,3.0,1.5,4.2,2.1,5.3,2.6;0
12,12,14,22,26,29,32;2,2,1,2,0,3,1;0.3,3.0,1.5,4.2,1.2,5.3,2.6;0
12,12,15,15,21,25,31;2,2,3,2,1,0,1;3.0,5.2,0.3,3.5,1.4,1.2,5.4;0
12,12,15,19,19,25,32;2,1,3,2,1,0,1;3.0,6.3,0.3,1.4,5.2,1.2,2.6;0
12,12,15,19,20,29,32;3,2,3,3,0,2,1;0.3,4.1,5.3,1.5,3.5,2.1,2.6;0
12,12,15,19,21,25,32;0,2,3,2,3,0,2;2.6,3.0,0.3,1.4,5.2,1.2,5.3;0
12,12,15,19,21,25,35;2,1,3,1,1,0,2;3.0,6.3,0.3,5.2,1.4,1.2,3.5;0
12,12,15,19,21,29,31;0,2,3,2,2,0,1;2.6,5.2,0.3,1.4,1.2,3.2,5.4;0
12,12,15,19,21,29,32;0,1,3,2,3,1,3;2.6,5.4,0.3,1.4,3.0,5.3,1.2;0
12,12,15,19,21,29,35;3,2,3,3,2,2,0;0.3,4.1,5.3,1.5,4.6,2.1,2.6;0
12,12,15,19,25,29,39;2,1,3,1,0,3,2;3.0,6.3,0.3,5.2,1.2,1.4,3.6;0
12,12,15,19,28,29,39;3,2,3,3,3,2,3;0.3,4.1,5.3,1.5,4.5,2.1,2.6;0
12,12,15,20,21,29,32;3,2,3,0,0,2,1;1.4,4.1,5.3,3.5,0.3,2.1,2.6;0
12,12,15,20,28,29,32;0,2,3,3,3,2,0;2.6,4.1,5.3,2.2,4.5,2.1,0.3;0
12,12,15,21,21,25,35;2,1,3,1,2,0,2;3.0,5.2,0.3,1.4,5.5,1.2,3.5;0
12,12,15,21,21,29,35;3,2,3,0,2,2,0;1.4,4.1,5.3,0.3,4.6,2.1,2.6;0
12,12,15,21,25,29,32;2,3,3,3,0,3,2;3.0,3.6,0.3,5.2,1.2,1.4,5.3;0
12,12,15,21,25,29,39;2,1,3,2,0,3,2;3.0,5.2,0.3,5.5,1.2,1.4,3.6;0
12,12,15,21,27,28,32;3,0,3,0,3,3,3;0.3,2.6,5.3,2.1,1.5,4.5,3.2;0
12,12,15,21,28,28,32;2,0,3,0,1,3,3;1.4,2.6,5.3,2.1,0.3,4.5,3.2;0
12,12,15,21,28,29,39;3,2,3,0,3,2,3;1.4,4.1,5.3,0.3,4.5,2.1,2.6;0
12,12,15,21,29,29,31;3,2,3,2,3,0,1;3.6,5.2,0.3,1.2,1.4,3.2,5.4;0
12,12,15,21,29,29,32;3,1,3,3,3,1,3;3.6,5.4,0.3,3.0,1.4,5.3,1.2;0
12,12,15,22,28,29,31;3,0,3,0,3,1,2;2.1,2.6,5.3,0.4,4.5,0.3,4.0;0
12,12,18,19,21,28,32;0,2,2,2,0,1,0;2.6,3.0,2.3,2.1,5.5,5.3,0.3;0
12,12,18,21,21,28,32;2,0,2,3,0,1,0;2.1,2.6,2.3,3.0,5.5,5.3,0.3;0
12,12,19,19,21,28,35;0,2,2,2,0,1,3;2.6,3.0,1.4,2.1,5.5,5.3,0.3;0
12,12,19,21,21,28,35;2,0,2,3,0,1,3;2.1,2.6,1.4,3.0,5.5,5.3,0.3;0
12,12,19,21,24,28,32;2,3,2,0,1,1,0;3.0,3.6,2.1,5.5,2.3,5.3,0.3;0
12,12,19,21,25,28,30;3,2,2,0,1,1,1;0.3,3.0,2.1,5.5,1.5,5.3,3.5;0
12,12,19,21,25,28,39;0,2,2,0,0,1,2;2.6,3.0,2.1,5.5,1.5,5.3,0.3;0
12,12,19,21,26,28,39;2,3,2,0,0,1,2;3.0,3.6,2.1,5.5,1.5,5.3,0.3;0
12,12,19,21,28,28,39;2,3,2,0,1,1,1;3.0,3.6,2.1,5.5,0.3,5.3,1.4;0
12,12,19,21,28,29,35;2,3,2,0,1,3,3;3.0,3.6,2.1,5.5,5.3,1.4,0.3;0
12,12,19,21,29,29,30;3,0,0,1,3,3,1;1.2,2.6,2.5,5.1,0.3,5.3,3.0;0
12,12,19,22,25,29,32;0,2,0,2,3,3,0;2.6,3.0,2.5,4.2,2.1,5.3,0.3;0
12,12,19,22,26,29,39;0,2,0,2,0,3,1;2.6,3.0,2.5,4.2,1.2,5.3,0.3;0
12,12,19,22,28,29,35;0,2,0,2,1,3,1;2.6,3.0,2.5,4.2,1.2,5.3,0.3;0
12,12,19,22,29,29,39;0,2,0,2,3,3,2;2.6,3.0,2.5,4.2,0.3,5.3,1.2;0
12,12,19,23,27,28,32;3,2,2,2,3,1,1;0.3,3.0,2.1,4.5,1.5,5.3,2.6;0
12,12,19,23,28,28,32;2,2,2,2,1,1,1;1.4,3.0,2.1,4.5,0.3,5.3,2.6;0
12,12,20,21,25,28,32;3,0,2,0,0,1,3;0.3,2.6,2.2,5.5,1.5,5.3,2.1;0
12,12,20,21,26,28,32;3,3,2,0,0,1,3;0.3,3.6,2.2,5.5,1.5,5.3,2.1;0
12,12,21,21,24,28,32;2,3,3,0,1,1,0;2.1,3.6,3.0,5.5,2.3,5.3,0.3;0
12,12,21,21,25,28,30;3,2,3,0,1,1,1;0.3,2.1,3.0,5.5,1.5,5.3,3.5;0
12,12,21,21,25,28,39;2,0,3,0,0,1,2;2.1,2.6,3.0,5.5,1.5,5.3,0.3;0
12,12,21,21,26,28,39;2,3,3,0,0,1,2;2.1,3.6,3.0,5.5,1.5,5.3,0.3;0
12,12,21,21,28,28,39;2,3,3,0,1,1,1;2.1,3.6,3.0,5.5,0.3,5.3,1.4;0
12,12,21,21,28,29,35;2,3,3,0,1,3,3;2.1,3.6,3.0,5.5,5.3,1.4,0.3;0
12,12,21,21,29,29,30;3,0,1,1,3,3,1;1.2,3.5,2.5,5.1,0.3,5.3,3.0;0
12,12,21,22,25,29,32;3,2,2,2,3,3,1;0.3,3.0,3.7,4.2,2.1,5.3,1.5;0
12,12,21,22,26,29,32;2,2,2,2,0,3,1;0.3,3.0,3.7,4.2,1.2,5.3,1.5;0
12,12,21,22,26,29,39;2,0,1,2,0,3,1;3.0,3.5,2.5,4.2,1.2,5.3,0.3;0
12,12,21,22,28,29,35;2,0,1,2,1,3,1;3.0,3.5,2.5,4.2,1.2,5.3,0.3;0
12,12,21,22,29,29,39;2,0,1,2,3,3,2;3.0,3.5,2.5,4.2,0.3,5.3,1.2;0
12,12,21,23,27,28,32;3,2,3,2,3,1,1;0.3,2.1,3.0,4.5,1.5,5.3,2.6;0
12,12,21,23,28,28,32;2,2,3,2,1,1,1;1.4,2.1,3.0,4.5,0.3,5.3,2.6;0
12,13,13,13,13,28,36;3,1,3,3,3,1,0;2.1,1.4,3.5,4.0,6.2,0.3,4.5;0
12,13,13,13,18,24,31;3,0,2,2,1,0,2;0.3,2.1,3.6,5.4,2.2,1.5,5.1;0
12,13,13,13,18,28,32;3,1,2,3,3,1,2;2.1,1.4,3.6,4.0,3.5,0.3,6.2;0
12,13,13,13,19,28,36;2,1,3,3,2,1,0;3.0,1.4,3.5,6.2,2.1,0.3,4.5;0
12,13,13,13,20,25,36;3,0,3,3,0,1,0;0.3,2.1,3.5,6.2,2.2,1.5,4.5;0
12,13,13,13,20,27,36;3,0,2,3,0,3,0;0.3,2.1,3.6,6.2,2.2,4.5,1.5;0
12,13,13,13,20,28,35;3,1,2,3,0,1,3;2.1,1.4,3.6,4.0,3.5,0.3,5.3;0
12,13,13,13,20,29,36;1,2,0,2,2,3,2;6.3,1.2,2.1,3.6,2.5,0.3,4.2;0
12,13,13,13,21,25,36;2,2,2,3,3,0,3;3.0,0.3,3.6,5.3,5.2,1.2,1.5;0
12,13,13,13,21,27,36;1,1,0,2,2,1,2;6.3,0.3,2.1,2.5,3.7,1.2,4.2;0
12,13,13,13,21,28,36;2,1,3,3,3,1,0;2.1,1.4,3.5,6.2,3.0,0.3,4.5;0
12,13,13,13,21,29,36;1,2,0,2,2,3,2;6.3,1.2,2.1,2.5,3.7,0.3,4.2;0
12,13,13,13,24,24,31;2,0,2,2,0,0,2;0.3,2.1,3.6,5.4,1.2,1.5,5.1;0
12,13,13,13,24,25,31;0,2,3,3,1,0,3;2.6,0.3,4.0,6.2,5.3,1.5,1.2;0
12,13,13,13,24,26,31;3,2,3,3,1,0,3;3.6,0.3,4.0,6.2,5.3,1.5,1.2;0
12,13,13,13,24,27,32;2,1,2,2,0,2,3;5.2,0.3,3.6,5.4,1.2,2.4,2.1;0
12,13,13,13,24,28,30;3,1,3,3,1,1,1;2.1,1.4,4.0,6.2,5.3,0.3,3.5;0
12,13,13,13,24,28,33;3,1,2,3,2,1,0;2.1,1.4,3.6,6.2,3.5,0.3,4.0;0
12,13,13,13,24,28,39;3,1,2,3,2,1,3;2.1,1.4,3.6,4.0,3.5,0.3,5.3;0
12,13,13,13,24,29,32;1,2,0,1,3,3,2;4.5,1.2,2.1,2.5,4.2,0.3,6.2;0
12,13,13,13,25,28,32;3,1,3,3,1,1,2;2.1,1.4,3.5,4.0,4.5,0.3,6.2;0
12,13,13,13,26,27,34;2,1,2,2,0,2,1;3.0,0.3,3.6,5.4,1.2,2.4,4.2;0
12,13,13,13,26,27,39;2,1,2,2,0,2,1;5.2,0.3,3.6,5.4,1.2,2.4,3.0;0
12,13,13,13,26,28,33;3,1,3,3,0,1,0;2.1,1.4,3.5,6.2,4.5,0.3,4.0;0
12,13,13,13,26,28,39;3,1,3,3,0,1,3;2.1,1.4,3.5,4.0,4.5,0.3,5.3;0
12,13,13,13,26,29,34;1,2,0,1,0,3,0;6.3,1.2,2.1,2.5,4.2,0.3,4.5;0
12,13,13,13,26,29,39;1,2,0,1,0,3,0;4.5,1.2,2.1,2.5,4.2,0.3,5.4;0
12,13,13,13,27,28,39;3,2,3,3,3,1,1;2.1,3.6,4.0,6.2,4.5,0.3,1.4;0
12,13,13,13,27,29,35;3,2,3,3,3,3,3;2.1,3.6,4.0,6.2,4.5,1.4,0.3;0
12,13,13,13,28,28,35;3,1,3,3,1,3,3;2.1,1.4,3.5,4.0,0.3,4.5,5.3;0
12,13,13,13,28,29,39;3,2,3,0,1,1,1;2.1,3.6,4.0,4.5,0.3,5.3,1.4;0
12,13,13,13,29,29,35;1,2,0,1,3,1,1;4.5,1.2,2.1,2.5,0.3,4.2,5.3;0
12,13,13,14,18,24,32;0,1,3,1,2,1,3;2.6,0.3,6.2,1.2,2.3,5.3,2.1;0
12,13,13,14,18,28,32;1,1,2,1,3,1,3;6.3,1.4,3.6,2.2,3.5,0.3,2.1;0
12,13,13,14,24,24,32;3,1,3,1,1,1,3;3.6,0.3,6.2,1.2,2.3,5.3,2.1;0
12,13,13,14,24,25,32;0,2,3,1,1,0,3;2.6,0.3,6.2,1.2,5.3,1.5,2.1;0
12,13,13,14,24,26,32;3,2,3,1,1,0,3;3.6,0.3,6.2,1.2,5.3,1.5,2.1;0
12,13,13,14,24,28,32;0,1,2,1,2,1,3;5.3,1.4,3.6,2.2,3.5,0.3,2.1;0
12,13,13,14,25,28,32;1,1,3,1,1,1,3;6.3,1.4,3.5,2.2,4.5,0.3,2.1;0
12,13,13,14,26,28,32;0,1,3,1,0,1,3;5.3,1.4,3.5,2.2,4.5,0.3,2.1;0
12,13,13,15,19,24,31;0,3,3,3,2,1,3;2.6,4.0,6.2,0.3,1.4,5.3,1.2;0
12,13,13,15,19,28,32;2,0,2,3,2,0,1;5.2,1.2,5.4,0.3,1.4,3.0,2.6;0
12,13,13,15,20,24,32;0,0,0,3,0,2,1;0.4,0.3,2.1,5.3,3.5,3.2,2.6;0
12,13,13,15,20,28,31;3,1,2,3,0,1,2;2.1,1.4,3.6,5.3,3.5,0.3,4.0;0
12,13,13,15,20,29,31;2,0,2,3,0,2,0;4.1,0.3,3.6,5.3,3.5,2.1,0.4;0
12,13,13,15,21,24,35;0,0,0,3,2,2,0;0.4,0.3,2.1,5.3,4.6,3.2,2.6;0
12,13,13,15,21,28,35;2,0,2,3,1,0,2;5.2,1.2,5.4,0.3,1.4,3.0,3.5;0
12,13,13,15,24,28,34;0,0,0,3,2,3,1;2.6,0.3,2.1,5.3,3.2,4.5,0.4;0
12,13,13,15,24,28,39;0,0,0,3,2,3,3;0.4,0.3,2.1,5.3,3.2,4.5,2.6;0
12,13,13,15,24,29,31;3,3,3,3,1,3,3;3.6,4.0,6.2,0.3,5.3,1.4,1.2;0
12,13,13,15,28,28,31;3,1,3,3,1,3,2;2.1,1.4,3.5,5.3,0.3,4.5,4.0;0
12,13,13,15,28,29,31;2,0,3,3,3,2,0;4.1,0.3,3.5,5.3,4.5,2.1,0.4;0
12,13,13,15,28,29,33;2,0,2,3,0,3,1;5.2,1.2,3.6,0.3,3.0,1.4,4.5;0
12,13,13,15,28,29,39;2,0,2,3,0,3,2;5.2,1.2,5.4,0.3,3.0,1.4,3.6;0
12,13,13,18,19,28,32;2,1,2,3,2,1,2;3.0,1.4,3.6,3.5,2.1,0.3,6.2;0
12,13,13,18,20,24,32;0,0,3,2,0,1,0;2.6,2.1,6.2,2.3,2.2,5.3,0.3;0
12,13,13,18,20,25,32;3,0,2,3,0,1,2;0.3,2.1,3.6,3.5,2.2,1.5,6.2;0
12,13,13,18,21,24,32;2,1,2,0,2,3,2;3.0,0.3,2.5,3.2,3.7,1.2,6.2;0
12,13,13,18,21,25,32;1,0,2,1,2,3,0;6.3,2.1,2.5,2.2,3.7,5.1,0.3;0
12,13,13,18,21,28,31;0,1,3,2,0,1,3;2.6,0.3,4.0,2.3,5.5,5.3,1.2;0
12,13,13,18,21,28,32;2,1,2,3,3,1,2;2.1,1.4,3.6,3.5,3.0,0.3,6.2;0
12,13,13,18,21,29,32;1,0,1,1,1,3,0;4.5,2.1,2.5,2.2,5.1,5.3,0.3;0
12,13,13,19,20,24,35;2,1,2,0,2,3,1;3.0,0.3,3.6,3.2,2.5,1.2,5.3;0
12,13,13,19,20,28,35;2,1,2,2,0,1,3;3.0,1.4,3.6,2.1,3.5,0.3,5.3;0
12,13,13,19,21,24,35;2,1,2,0,2,3,1;3.0,0.3,2.5,3.2,3.7,1.2,5.3;0
12,13,13,19,21,29,36;0,1,1,0,1,3,2;2.6,0.3,3.0,2.5,5.1,5.3,1.2;0
12,13,13,19,24,25,32;3,2,3,0,2,1,3;0.3,3.6,6.2,2.2,3.5,1.5,2.1;0
12,13,13,19,24,27,32;0,1,0,0,3,1,2;2.6,0.3,2.1,2.5,4.2,1.2,6.2;0
12,13,13,19,24,28,30;2,1,3,2,1,1,1;3.0,1.4,6.2,2.1,5.3,0.3,3.5;0
12,13,13,19,24,28,39;2,1,2,2,2,1,3;3.0,1.4,3.6,2.1,3.5,0.3,5.3;0
12,13,13,19,24,29,32;0,2,0,0,3,3,2;2.6,1.2,2.1,2.5,4.2,0.3,6.2;0
12,13,13,19,25,26,32;3,3,3,0,1,0,3;0.3,3.5,6.2,2.2,1.5,4.5,2.1;0
12,13,13,19,25,28,32;2,1,3,2,1,1,2;3.0,1.4,3.5,2.1,4.5,0.3,6.2;0
12,13,13,19,26,27,39;0,1,0,0,0,1,0;2.6,0.3,2.1,2.5,4.2,1.2,5.4;0
12,13,13,19,26,28,39;2,1,3,2,0,1,3;3.0,1.4,3.5,2.1,4.5,0.3,5.3;0
12,13,13,19,26,29,39;0,2,0,0,0,3,0;2.6,1.2,2.1,2.5,4.2,0.3,5.4;0
12,13,13,19,27,28,39;2,2,3,2,3,1,1;3.0,3.6,6.2,2.1,4.5,0.3,1.4;0
12,13,13,19,27,29,35;2,2,3,2,3,3,3;3.0,3.6,6.2,2.1,4.5,1.4,0.3;0
12,13,13,19,28,28,35;2,1,3,2,1,3,3;3.0,1.4,3.5,2.1,0.3,4.5,5.3;0
12,13,13,19,28,29,39;2,2,0,2,1,1,1;3.0,3.6,4.5,2.1,0.3,5.3,1.4;0
12,13,13,19,29,29,35;0,2,0,0,3,1,1;2.6,1.2,2.1,2.5,0.3,4.2,5.3;0
12,13,13,20,20,25,35;3,0,2,0,0,1,3;0.3,2.1,3.6,2.2,3.5,1.5,5.3;0
12,13,13,20,21,25,35;3,0,2,0,0,1,3;0.3,3.2,3.6,3.5,2.1,1.5,5.3;0
12,13,13,20,21,28,35;2,1,2,0,3,1,3;2.1,1.4,3.6,3.5,3.0,0.3,5.3;0
12,13,13,20,21,29,35;1,0,1,2,1,3,1;4.5,2.1,2.5,1.2,5.1,5.3,0.3;0
12,13,13,20,22,29,36;2,1,2,2,2,3,2;3.0,0.3,3.6,2.5,4.2,5.3,1.2;0
12,13,13,20,23,28,36;3,0,2,0,2,1,0;0.3,2.1,3.6,2.2,4.5,5.3,1.5;0
12,13,13,20,24,24,32;3,0,3,0,1,1,0;3.6,2.1,6.2,2.2,2.3,5.3,0.3;0
12,13,13,20,24,25,30;3,0,3,0,1,1,1;0.3,2.1,6.2,2.2,5.3,1.5,3.5;0
12,13,13,20,24,25,39;3,0,2,0,2,1,3;0.3,2.1,3.6,2.2,3.5,1.5,5.3;0
12,13,13,20,24,26,39;3,0,3,0,1,0,2;3.6,2.1,6.2,2.2,5.3,1.5,0.3;0
12,13,13,20,24,28,39;3,0,3,0,1,1,1;3.6,2.1,6.2,2.2,5.3,0.3,1.4;0
12,13,13,20,24,29,35;3,0,3,0,1,3,3;3.6,2.1,6.2,2.2,5.3,1.4,0.3;0
12,13,13,20,25,25,32;3,0,3,0,1,1,2;0.3,2.1,3.5,2.2,1.5,4.5,6.2;0
12,13,13,20,25,26,39;3,0,3,0,1,0,3;0.3,2.1,3.5,2.2,1.5,4.5,5.3;0
12,13,13,20,25,28,35;1,1,2,2,3,1,1;6.3,3.0,3.6,2.5,5.1,1.2,0.3;0
12,13,13,20,25,29,39;1,1,2,2,3,3,2;6.3,3.0,3.6,2.5,5.1,0.3,1.2;0
12,13,13,20,26,27,32;1,1,0,0,0,1,1;6.3,0.3,2.1,2.5,4.2,1.2,2.6;0
12,13,13,20,26,29,32;1,2,0,0,0,3,1;6.3,1.2,2.1,2.5,4.2,0.3,2.6;0
12,13,13,20,27,27,32;3,0,3,0,3,3,1;0.3,2.1,6.2,2.2,1.5,4.5,2.6;0
12,13,13,20,27,28,32;2,0,3,0,3,1,1;1.4,2.1,6.2,2.2,4.5,0.3,2.6;0
12,13,13,20,27,29,32;1,2,2,2,1,3,3;6.3,1.2,3.6,2.5,4.2,0.3,2.1;0
12,13,13,20,28,29,30;1,1,0,0,1,1,1;5.4,1.4,2.1,2.2,0.3,5.3,3.5;0
12,13,13,20,28,29,32;2,0,0,0,1,1,1;1.4,2.1,4.5,2.2,0.3,5.3,2.6;0
12,13,13,21,21,29,36;0,1,1,1,1,3,2;3.5,0.3,3.0,2.5,5.1,5.3,1.2;0
12,13,13,21,22,29,36;2,1,2,2,2,3,2;3.0,0.3,2.5,3.7,4.2,5.3,1.2;0
12,13,13,21,23,28,36;3,0,2,0,2,1,0;0.3,3.2,3.6,2.1,4.5,5.3,1.5;0
12,13,13,21,24,24,32;1,1,2,2,3,3,2;3.0,0.3,2.5,3.7,1.2,4.2,6.2;0
12,13,13,21,24,25,30;1,1,2,2,3,3,1;6.3,0.3,2.5,3.7,1.2,5.1,3.0;0
12,13,13,21,24,25,32;0,2,3,3,1,0,3;2.6,0.3,6.2,3.0,5.3,1.5,1.2;0
12,13,13,21,24,25,39;1,0,2,2,0,3,1;6.3,2.1,2.5,3.7,1.2,5.1,0.3;0
12,13,13,21,24,26,32;3,2,3,3,1,0,3;3.6,0.3,6.2,3.0,5.3,1.5,1.2;0
12,13,13,21,24,26,39;1,1,2,2,3,0,0;3.0,0.3,2.5,3.7,1.2,4.2,5.4;0
12,13,13,21,24,27,32;2,2,3,3,1,3,0;2.1,3.6,6.2,3.0,2.3,4.5,0.3;0
12,13,13,21,24,28,30;2,1,3,3,1,1,1;2.1,1.4,6.2,3.0,5.3,0.3,3.5;0
12,13,13,21,24,28,31;3,1,3,0,1,1,3;3.6,0.3,4.0,5.5,2.3,5.3,1.2;0
12,13,13,21,24,28,32;0,1,2,0,2,1,3;5.3,1.4,3.6,2.1,3.5,0.3,3.2;0
12,13,13,21,24,28,39;2,1,2,3,2,1,3;2.1,1.4,3.6,3.0,3.5,0.3,5.3;0
12,13,13,21,24,29,30;1,1,1,1,3,3,1;4.5,0.3,2.5,5.1,1.2,5.3,3.0;0
12,13,13,21,24,29,32;0,2,0,1,3,3,2;3.5,1.2,2.1,2.5,4.2,0.3,6.2;0
12,13,13,21,24,29,33;1,1,0,1,0,3,0;4.5,0.3,2.1,5.1,1.2,5.3,2.4;0
12,13,13,21,24,29,35;3,0,3,0,1,3,3;3.6,3.2,6.2,2.1,5.3,1.4,0.3;0
12,13,13,21,24,29,39;1,0,1,1,0,3,1;4.5,2.1,2.5,5.1,1.2,5.3,0.3;0
12,13,13,21,25,25,32;2,2,3,3,0,0,1;3.0,0.3,5.3,5.2,1.2,1.5,2.6;0
12,13,13,21,25,26,39;2,2,3,3,0,0,2;3.0,0.3,5.3,5.2,1.2,1.5,3.6;0
12,13,13,21,25,28,31;0,2,3,0,0,1,3;2.6,0.3,4.0,5.5,1.5,5.3,1.2;0
12,13,13,21,25,28,32;2,1,3,3,1,1,2;2.1,1.4,3.5,3.0,4.5,0.3,6.2;0
12,13,13,21,25,28,35;1,2,1,2,3,1,1;6.3,2.5,3.0,3.7,5.1,1.2,0.3;0
12,13,13,21,25,29,32;1,1,1,1,3,3,0;4.5,2.5,3.0,5.1,2.1,5.3,0.3;0
12,13,13,21,25,29,39;1,2,1,2,3,3,2;6.3,2.5,3.0,3.7,5.1,0.3,1.2;0
12,13,13,21,26,27,39;2,2,3,3,0,3,2;2.1,3.6,6.2,3.0,1.5,4.5,0.3;0
12,13,13,21,26,28,31;3,2,3,0,0,1,3;3.6,0.3,4.0,5.5,1.5,5.3,1.2;0
12,13,13,21,26,28,32;0,1,3,0,0,1,3;5.3,1.4,3.5,2.1,4.5,0.3,3.2;0
12,13,13,21,26,28,39;2,1,3,3,0,1,3;2.1,1.4,3.5,3.0,4.5,0.3,5.3;0
12,13,13,21,26,29,33;1,1,1,1,0,3,0;4.5,0.3,3.0,5.1,1.2,5.3,2.4;0
12,13,13,21,26,29,39;0,2,0,1,0,3,0;3.5,1.2,2.1,2.5,4.2,0.3,5.4;0
12,13,13,21,27,27,32;1,1,2,2,1,1,3;6.3,0.3,2.5,3.7,1.2,4.2,2.1;0
12,13,13,21,27,28,32;2,0,3,0,3,1,1;1.4,3.2,6.2,2.1,4.5,0.3,2.6;0
12,13,13,21,27,28,39;2,2,3,3,3,1,1;2.1,3.6,6.2,3.0,4.5,0.3,1.4;0
12,13,13,21,27,29,32;1,2,2,2,1,3,3;6.3,1.2,2.5,3.7,4.2,0.3,2.1;0
12,13,13,21,27,29,35;2,2,3,3,3,3,3;2.1,3.6,6.2,3.0,4.5,1.4,0.3;0
12,13,13,21,28,28,30;3,1,3,0,1,1,1;2.1,1.4,4.0,5.5,0.3,5.3,3.5;0
12,13,13,21,28,28,35;2,1,3,3,1,3,3;2.1,1.4,3.5,3.0,0.3,4.5,5.3;0
12,13,13,21,28,29,30;1,1,0,0,1,1,1;5.4,1.4,3.2,2.1,0.3,5.3,3.5;0
12,13,13,21,28,29,32;2,0,0,0,1,1,1;1.4,3.2,4.5,2.1,0.3,5.3,2.6;0
12,13,13,21,28,29,35;1,1,1,1,1,3,1;4.5,2.5,3.0,5.1,1.2,5.3,0.3;0
12,13,13,21,28,29,39;2,2,0,3,1,1,1;2.1,3.6,4.5,3.0,0.3,5.3,1.4;0
12,13,13,21,29,29,35;0,2,0,1,3,1,1;3.5,1.2,2.1,2.5,0.3,4.2,5.3;0
12,13,13,21,29,29,39;1,1,1,1,3,3,2;4.5,2.5,3.0,5.1,0.3,5.3,1.2;0
12,13,13,22,27,29,32;1,1,1,2,1,3,3;4.5,0.3,2.5,4.2,1.2,5.3,2.1;0
12,13,13,22,29,29,32;1,2,1,2,3,3,3;4.5,1.2,2.5,4.2,0.3,5.3,2.1;0
12,13,13,23,24,28,32;3,2,3,2,1,1,0;2.1,3.6,4.0,4.5,2.3,5.3,0.3;0
12,13,13,23,26,28,34;3,2,3,2,0,1,0;0.3,3.6,4.0,4.5,1.5,5.3,2.1;0
12,13,13,23,26,28,39;3,2,3,2,0,1,2;2.1,3.6,4.0,4.5,1.5,5.3,0.3;0
12,13,13,23,28,28,39;3,2,3,2,1,1,1;2.1,3.6,4.0,4.5,0.3,5.3,1.4;0
12,13,13,23,28,29,35;3,2,3,2,1,3,3;2.1,3.6,4.0,4.5,5.3,1.4,0.3;0
12,13,14,15,19,24,32;0,3,1,3,2,1,3;2.6,6.2,1.2,0.3,1.4,5.3,2.1;0
12,13,14,15,19,28,32;0,0,2,3,2,0,2;2.6,1.2,5.2,0.3,1.4,3.0,6.2;0
12,13,14,15,20,25,32;3,2,1,3,0,1,3;0.3,3.6,2.2,5.3,3.5,1.5,2.1;0
12,13,14,15,20,29,32;2,2,2,3,0,2,0;4.1,3.6,2.2,5.3,3.5,2.1,0.3;0
12,13,14,15,24,29,32;3,3,1,3,1,3,3;3.6,6.2,1.2,0.3,5.3,1.4,2.1;0
12,13,14,15,25,28,32;3,3,1,3,1,3,3;0.3,3.5,2.2,5.3,1.5,4.5,2.1;0
12,13,14,15,28,29,32;3,0,2,3,0,3,2;3.6,1.2,5.2,0.3,3.0,1.4,6.2;0
12,13,14,18,21,28,32;0,1,1,2,0,1,3;2.6,0.3,1.2,2.3,5.5,5.3,2.1;0
12,13,14,18,21,29,32;3,0,1,1,1,3,1;0.3,2.1,1.5,2.2,5.1,5.3,2.6;0
12,13,14,21,24,28,32;3,1,1,0,1,1,3;3.6,0.3,1.2,5.5,2.3,5.3,2.1;0
12,13,14,21,24,29,32;2,0,1,1,0,3,1;0.3,2.1,1.5,5.1,1.2,5.3,2.6;0
12,13,14,21,25,28,32;0,2,1,0,0,1,3;2.6,0.3,1.2,5.5,1.5,5.3,2.1;0
12,13,14,21,25,29,32;3,1,1,1,3,3,1;0.3,3.0,1.5,5.1,2.1,5.3,2.6;0
12,13,14,21,26,28,32;3,2,1,0,0,1,3;3.6,0.3,1.2,5.5,1.5,5.3,2.1;0
12,13,14,21,26,29,32;2,1,1,1,0,3,1;0.3,3.0,1.5,5.1,1.2,5.3,2.6;0
12,13,15,15,21,28,31;2,0,3,2,1,0,1;5.2,1.2,0.3,3.5,1.4,3.0,5.4;0
12,13,15,15,21,29,31;1,3,3,2,1,1,3;5.4,4.0,0.3,3.5,1.4,5.3,1.2;0
12,13,15,19,19,28,32;1,0,3,2,1,0,1;6.3,1.2,0.3,1.4,5.2,3.0,2.6;0
12,13,15,19,20,24,32;3,0,3,3,0,2,1;0.3,2.1,5.3,1.5,3.5,3.2,2.6;0
12,13,15,19,20,25,32;2,3,3,2,3,0,1;3.0,6.2,0.3,1.4,5.2,1.2,2.6;0
12,13,15,19,21,24,32;0,3,3,2,3,1,3;2.6,6.2,0.3,1.4,3.0,5.3,1.2;0
12,13,15,19,21,24,35;3,0,3,3,2,2,0;0.3,2.1,5.3,1.5,4.6,3.2,2.6;0
12,13,15,19,21,25,32;2,3,3,2,3,0,1;3.0,5.3,0.3,1.4,5.2,1.2,2.6;0
12,13,15,19,21,28,31;0,3,3,2,0,1,3;2.6,4.0,0.3,1.4,5.5,5.3,1.2;0
12,13,15,19,21,28,32;0,0,3,2,3,0,2;2.6,1.2,0.3,1.4,5.2,3.0,5.3;0
12,13,15,19,21,28,35;1,0,3,1,1,0,2;6.3,1.2,0.3,5.2,1.4,3.0,3.5;0
12,13,15,19,21,29,32;2,2,3,2,2,0,1;5.2,5.4,0.3,1.4,1.2,3.2,2.6;0
12,13,15,19,24,28,39;3,0,3,3,2,3,3;0.3,2.1,5.3,1.5,3.2,4.5,2.6;0
12,13,15,19,25,29,32;2,2,3,3,0,3,2;3.0,3.6,0.3,4.5,1.2,1.4,6.2;0
12,13,15,19,28,29,39;1,0,3,1,0,3,2;6.3,1.2,0.3,5.2,3.0,1.4,3.6;0
12,13,15,20,20,29,32;2,1,3,1,0,2,1;4.1,0.3,5.3,1.2,3.5,2.1,2.6;0
12,13,15,20,21,24,32;3,0,3,0,0,2,1;1.4,2.1,5.3,3.5,0.3,3.2,2.6;0
12,13,15,20,21,25,32;3,2,3,0,0,1,3;0.3,3.6,5.3,3.5,2.1,1.5,3.2;0
12,13,15,20,21,25,35;2,3,3,3,1,0,2;3.0,6.2,0.3,5.2,1.4,1.2,3.5;0
12,13,15,20,21,28,32;0,0,3,0,1,2,1;0.4,0.3,5.3,3.5,4.0,2.1,2.6;0
12,13,15,20,21,29,31;3,2,3,0,3,1,2;2.1,3.6,5.3,3.5,0.4,0.3,4.0;0
12,13,15,20,21,29,32;2,2,3,0,0,2,0;4.1,3.6,5.3,3.5,0.3,2.1,1.4;0
12,13,15,20,21,29,35;2,1,3,1,2,2,0;4.1,0.3,5.3,1.2,4.6,2.1,2.6;0
12,13,15,20,24,28,32;0,0,3,3,2,3,0;2.6,2.1,5.3,2.2,3.2,4.5,0.3;0
12,13,15,20,25,29,39;2,3,3,3,0,3,2;3.0,6.2,0.3,5.2,1.2,1.4,3.6;0
12,13,15,20,28,29,39;2,1,3,1,3,2,3;4.1,0.3,5.3,1.2,4.5,2.1,2.6;0
12,13,15,21,21,24,35;3,0,3,0,2,2,0;1.4,2.1,5.3,0.3,4.6,3.2,2.6;0
12,13,15,21,21,25,35;2,3,3,1,3,0,2;3.0,5.3,0.3,1.4,5.2,1.2,3.5;0
12,13,15,21,21,28,35;1,0,3,1,2,0,2;5.2,1.2,0.3,1.4,5.5,3.0,3.5;0
12,13,15,21,21,29,35;2,2,3,2,1,0,2;5.2,5.4,0.3,1.2,1.4,3.2,3.5;0
12,13,15,21,24,28,39;3,0,3,0,2,3,3;1.4,2.1,5.3,0.3,3.2,4.5,2.6;0
12,13,15,21,24,29,32;3,3,3,3,1,3,3;3.6,6.2,0.3,3.0,5.3,1.4,1.2;0
12,13,15,21,25,28,32;3,3,3,0,1,3,3;0.3,3.5,5.3,2.1,1.5,4.5,3.2;0
12,13,15,21,25,29,39;2,3,3,3,0,3,2;3.0,5.3,0.3,5.2,1.2,1.4,3.6;0
12,13,15,21,28,28,34;0,0,3,1,2,3,1;2.6,0.3,5.3,4.0,2.1,4.5,0.4;0
12,13,15,21,28,28,39;0,0,3,1,2,3,3;0.4,0.3,5.3,4.0,2.1,4.5,2.6;0
12,13,15,21,28,29,31;3,3,3,0,1,3,3;3.6,4.0,0.3,5.5,5.3,1.4,1.2;0
12,13,15,21,28,29,32;3,0,3,3,0,3,2;3.6,1.2,0.3,5.2,3.0,1.4,5.3;0
12,13,15,21,28,29,39;1,0,3,2,0,3,2;5.2,1.2,0.3,5.5,3.0,1.4,3.6;0
12,13,15,21,29,29,33;2,2,3,2,3,0,1;5.2,3.6,0.3,1.2,1.4,3.2,4.5;0
12,13,15,21,29,29,39;2,2,3,2,3,0,2;5.2,5.4,0.3,1.2,1.4,3.2,3.6;0
12,13,18,19,21,29,32;0,0,1,0,1,3,0;2.6,2.1,2.2,2.5,5.1,5.3,0.3;0
12,13,18,20,21,28,32;0,0,2,0,0,1,0;2.6,2.1,2.3,2.2,5.5,5.3,0.3;0
12,13,18,21,21,28,32;0,0,2,0,0,1,0;2.6,3.2,2.3,2.1,5.5,5.3,0.3;0
12,13,18,21,21,29,32;3,0,1,2,1,3,1;0.3,2.1,2.2,3.7,5.1,5.3,1.5;0
12,13,19,20,21,28,35;0,0,2,0,0,1,3;2.6,2.1,1.4,2.2,5.5,5.3,0.3;0
12,13,19,20,21,29,35;0,0,0,2,1,3,1;2.6,2.1,2.5,1.2,5.1,5.3,0.3;0
12,13,19,21,21,28,35;0,0,2,0,0,1,3;2.6,3.2,1.4,2.1,5.5,5.3,0.3;0
12,13,19,21,24,29,30;0,1,0,1,3,3,1;2.6,0.3,2.5,5.1,1.2,5.3,3.0;0
12,13,19,21,24,29,39;0,0,0,1,0,3,1;2.6,2.1,2.5,5.1,1.2,5.3,0.3;0
12,13,19,21,25,29,32;0,1,0,1,3,3,0;2.6,3.0,2.5,5.1,2.1,5.3,0.3;0
12,13,19,21,26,29,39;0,1,0,1,0,3,1;2.6,3.0,2.5,5.1,1.2,5.3,0.3;0
12,13,19,21,28,28,30;2,1,2,0,1,1,1;3.0,1.4,2.1,5.5,0.3,5.3,3.5;0
12,13,19,21,28,29,35;0,1,0,1,1,3,1;2.6,3.0,2.5,5.1,1.2,5.3,0.3;0
12,13,19,21,29,29,39;0,1,0,1,3,3,2;2.6,3.0,2.5,5.1,0.3,5.3,1.2;0
12,13,19,22,26,29,32;2,1,2,2,0,3,1;3.0,0.3,2.4,4.2,1.2,5.3,2.6;0
12,13,19,22,27,29,32;0,1,0,2,1,3,3;2.6,0.3,2.5,4.2,1.2,5.3,2.1;0
12,13,19,22,29,29,32;0,2,0,2,3,3,3;2.6,1.2,2.5,4.2,0.3,5.3,2.1;0
12,13,19,23,24,28,32;2,2,2,2,1,1,0;3.0,3.6,2.1,4.5,2.3,5.3,0.3;0
12,13,19,23,26,28,39;2,2,2,2,0,1,2;3.0,3.6,2.1,4.5,1.5,5.3,0.3;0
12,13,19,23,28,28,39;2,2,2,2,1,1,1;3.0,3.6,2.1,4.5,0.3,5.3,1.4;0
12,13,19,23,28,29,35;2,2,2,2,1,3,3;3.0,3.6,2.1,4.5,5.3,1.4,0.3;0
12,13,20,21,21,29,35;0,0,2,1,1,3,1;3.5,2.1,1.2,2.5,5.1,5.3,0.3;0
12,13,20,21,24,28,32;3,0,0,0,1,1,0;3.6,2.1,2.2,5.5,2.3,5.3,0.3;0
12,13,20,21,25,28,30;3,0,0,0,1,1,1;0.3,2.1,2.2,5.5,1.5,5.3,3.5;0
12,13,20,21,25,28,39;0,0,0,0,0,1,2;2.6,2.1,2.2,5.5,1.5,5.3,0.3;0
12,13,20,21,26,28,39;3,0,0,0,0,1,2;3.6,2.1,2.2,5.5,1.5,5.3,0.3;0
12,13,20,21,28,28,39;3,0,0,0,1,1,1;3.6,2.1,2.2,5.5,0.3,5.3,1.4;0
12,13,20,21,28,29,35;3,0,0,0,1,3,3;3.6,2.1,2.2,5.5,5.3,1.4,0.3;0
12,13,20,21,29,29,30;3,2,2,1,3,3,1;1.2,3.6,2.5,5.1,0.3,5.3,3.0;0
12,13,20,22,25,29,32;2,2,2,2,3,3,0;3.0,3.6,2.5,4.2,2.1,5.3,0.3;0
12,13,20,22,26,29,39;2,2,2,2,0,3,1;3.0,3.6,2.5,4.2,1.2,5.3,0.3;0
12,13,20,22,28,29,35;2,2,2,2,1,3,1;3.0,3.6,2.5,4.2,1.2,5.3,0.3;0
12,13,20,22,29,29,39;2,2,2,2,3,3,2;3.0,3.6,2.5,4.2,0.3,5.3,1.2;0
12,13,20,23,26,28,32;3,2,2,2,0,1,3;0.3,3.6,2.2,4.5,1.5,5.3,2.1;0
12,13,20,23,27,28,32;3,0,0,2,3,1,1;0.3,2.1,2.2,4.5,1.5,5.3,2.6;0
12,13,20,23,28,28,32;2,0,0,2,1,1,1;1.4,2.1,2.2,4.5,0.3,5.3,2.6;0
12,13,21,21,24,28,32;3,0,0,0,1,1,0;3.6,3.2,2.1,5.5,2.3,5.3,0.3;0
12,13,21,21,24,29,30;0,1,1,1,3,3,1;3.5,0.3,2.5,5.1,1.2,5.3,3.0;0
12,13,21,21,24,29,32;2,0,2,1,0,3,1;0.3,2.1,3.7,5.1,1.2,5.3,1.5;0
12,13,21,21,24,29,39;0,0,1,1,0,3,1;3.5,2.1,2.5,5.1,1.2,5.3,0.3;0
12,13,21,21,25,28,30;3,0,0,0,1,1,1;0.3,3.2,2.1,5.5,1.5,5.3,3.5;0
12,13,21,21,25,28,32;0,2,3,0,0,1,3;2.6,0.3,3.0,5.5,1.5,5.3,1.2;0
12,13,21,21,25,28,39;0,0,0,0,0,1,2;2.6,3.2,2.1,5.5,1.5,5.3,0.3;0
12,13,21,21,25,29,32;3,1,2,1,3,3,1;0.3,3.0,3.7,5.1,2.1,5.3,1.5;0
12,13,21,21,26,28,32;3,2,3,0,0,1,3;3.6,0.3,3.0,5.5,1.5,5.3,1.2;0
12,13,21,21,26,28,39;3,0,0,0,0,1,2;3.6,3.2,2.1,5.5,1.5,5.3,0.3;0
12,13,21,21,26,29,32;2,1,2,1,0,3,1;0.3,3.0,3.7,5.1,1.2,5.3,1.5;0
12,13,21,21,26,29,39;0,1,1,1,0,3,1;3.5,3.0,2.5,5.1,1.2,5.3,0.3;0
12,13,21,21,28,28,30;2,1,3,0,1,1,1;2.1,1.4,3.0,5.5,0.3,5.3,3.5;0
12,13,21,21,28,28,39;3,0,0,0,1,1,1;3.6,3.2,2.1,5.5,0.3,5.3,1.4;0
12,13,21,21,28,29,30;3,3,3,0,1,1,1;2.1,4.0,0.4,5.5,5.3,0.3,3.5;1
12,13,21,21,28,29,35;0,1,1,1,1,3,1;3.5,3.0,2.5,5.1,1.2,5.3,0.3;0
12,13,21,21,29,29,30;3,2,2,1,3,3,1;1.2,2.5,3.7,5.1,0.3,5.3,3.0;0
12,13,21,21,29,29,39;0,1,1,1,3,3,2;3.5,3.0,2.5,5.1,0.3,5.3,1.2;0
12,13,21,22,25,29,32;2,2,2,2,3,3,0;3.0,2.5,3.7,4.2,2.1,5.3,0.3;0
12,13,21,22,26,29,39;2,2,2,2,0,3,1;3.0,2.5,3.7,4.2,1.2,5.3,0.3;0
12,13,21,22,27,29,32;0,1,1,2,1,3,3;3.5,0.3,2.5,4.2,1.2,5.3,2.1;0
12,13,21,22,28,29,35;2,2,2,2,1,3,1;3.0,2.5,3.7,4.2,1.2,5.3,0.3;0
12,13,21,22,29,29,32;0,2,1,2,3,3,3;3.5,1.2,2.5,4.2,0.3,5.3,2.1;0
12,13,21,22,29,29,39;2,2,2,2,3,3,2;3.0,2.5,3.7,4.2,0.3,5.3,1.2;0
12,13,21,23,24,28,32;2,2,3,2,1,1,0;2.1,3.6,3.0,4.5,2.3,5.3,0.3;0
12,13,21,23,26,28,39;2,2,3,2,0,1,2;2.1,3.6,3.0,4.5,1.5,5.3,0.3;0
12,13,21,23,27,28,32;3,0,0,2,3,1,1;0.3,3.2,2.1,4.5,1.5,5.3,2.6;0
12,13,21,23,28,28,32;2,0,0,2,1,1,1;1.4,3.2,2.1,4.5,0.3,5.3,2.6;0
12,13,21,23,28,28,39;2,2,3,2,1,1,1;2.1,3.6,3.0,4.5,0.3,5.3,1.4;0
12,13,21,23,28,29,35;2,2,3,2,1,3,3;2.1,3.6,3.0,4.5,5.3,1.4,0.3;0
12,13,22,23,28,29,32;3,3,0,2,1,1,1;2.1,4.0,0.4,4.5,5.3,0.3,2.6;1
12,14,15,15,21,25,32;2,2,3,2,1,0,2;3.0,5.2,0.3,3.5,1.4,1.2,6.2;0
12,14,15,15,21,29,32;1,1,3,2,1,1,3;5.4,1.2,0.3,3.5,1.4,5.3,2.1;0
12,14,15,19,21,28,32;0,1,3,2,0,1,3;2.6,1.2,0.3,1.4,5.5,5.3,2.1;0
12,14,15,19,21,29,32;0,2,3,2,2,0,2;2.6,5.2,0.3,1.4,1.2,3.2,6.2;0
12,14,15,21,28,29,32;3,1,3,0,1,3,3;3.6,1.2,0.3,5.5,5.3,1.4,2.1;0
12,14,15,21,29,29,32;3,2,3,2,3,0,2;3.6,5.2,0.3,1.2,1.4,3.2,6.2;0
12,14,15,22,28,29,32;0,1,3,0,3,1,3;2.6,2.2,5.3,0.4,4.5,0.3,2.1;0
12,15,15,21,21,25,32;2,3,2,1,3,0,2;3.0,0.3,3.5,1.4,5.2,1.2,5.3;0
12,15,15,21,21,29,31;2,3,2,2,1,0,1;5.2,0.3,3.5,1.2,1.4,3.2,5.4;0
12,15,15,21,21,29,32;1,3,2,1,3,1,3;5.4,0.3,3.5,1.4,3.0,5.3,1.2;0
12,15,19,19,21,29,32;1,3,2,1,2,0,1;6.3,0.3,1.4,5.2,1.2,3.2,2.6;0
12,15,19,20,21,28,32;3,3,3,0,1,2,1;0.3,5.3,1.5,3.5,4.0,2.1,2.6;0
12,15,19,21,21,28,32;0,3,2,3,0,1,3;2.6,0.3,1.4,3.0,5.5,5.3,1.2;0
12,15,19,21,21,28,35;3,3,3,1,2,2,0;0.3,5.3,1.5,4.0,4.6,2.1,2.6;0
12,15,19,21,21,29,32;0,3,2,2,3,0,2;2.6,0.3,1.4,1.2,5.2,3.2,5.3;0
12,15,19,21,21,29,35;1,3,1,2,1,0,2;6.3,0.3,5.2,1.2,1.4,3.2,3.5;0
12,15,19,21,28,28,39;3,3,3,1,2,3,3;0.3,5.3,1.5,4.0,2.1,4.5,2.6;0
12,15,19,21,29,29,39;1,3,1,2,3,0,2;6.3,0.3,5.2,1.2,1.4,3.2,3.6;0
12,15,20,21,21,28,32;3,3,0,0,1,2,1;1.4,5.3,3.5,0.3,4.0,2.1,2.6;0
12,15,20,21,28,28,32;0,3,3,1,2,3,0;2.6,5.3,2.2,4.0,2.1,4.5,0.3;0
12,15,21,21,21,28,35;3,3,0,1,2,2,0;1.4,5.3,0.3,4.0,4.6,2.1,2.6;0
12,15,21,21,21,29,35;1,3,2,1,2,0,2;5.2,0.3,1.2,1.4,5.5,3.2,3.5;0
12,15,21,21,28,28,39;3,3,0,1,2,3,3;1.4,5.3,0.3,4.0,2.1,4.5,2.6;0
12,15,21,21,28,29,32;3,3,3,0,1,3,3;3.6,0.3,3.0,5.5,5.3,1.4,1.2;0
12,15,21,21,29,29,32;3,3,2,3,3,0,2;3.6,0.3,1.2,5.2,1.4,3.2,5.3;0
12,15,21,21,29,29,39;1,3,2,2,3,0,2;5.2,0.3,1.2,5.5,1.4,3.2,3.6;0
12,15,21,22,28,29,32;0,3,0,0,3,1,3;2.6,5.3,2.1,0.4,4.5,0.3,3.2;0
12,19,21,21,28,29,30;2,2,3,0,1,1,1;3.0,2.1,0.4,5.5,5.3,0.3,3.5;0
12,19,22,23,28,29,32;2,2,0,2,1,1,1;3.0,2.1,0.4,4.5,5.3,0.3,2.6;0
12,21,21,21,28,29,30;2,3,3,0,1,1,1;2.1,0.4,3.0,5.5,5.3,0.3,3.5;0
12,21,22,23,28,29,32;2,3,0,2,1,1,1;2.1,3.0,0.4,4.5,5.3,0.3,2.6;0
13,13,13,13,20,28,36;1,0,3,3,0,1,0;1.4,2.1,3.5,6.2,2.2,0.3,4.5;0
13,13,13,13,21,28,36;1,0,3,3,0,1,0;1.4,3.2,3.5,6.2,2.1,0.3,4.5;0
13,13,13,13,24,27,31;1,0,2,2,0,2,2;0.3,2.1,3.6,5.4,1.2,2.4,5.1;0
13,13,13,13,24,29,31;2,0,1,3,3,3,1;1.2,2.1,2.5,6.2,4.2,0.3,4.5;0
13,13,13,13,26,27,31;2,2,3,3,0,3,3;0.3,3.6,4.0,6.2,1.5,4.5,1.2;0
13,13,13,13,26,29,31;2,0,1,0,0,3,1;1.2,2.1,2.5,5.4,4.2,0.3,4.5;0
13,13,13,14,24,27,32;1,2,3,1,1,3,3;0.3,3.6,6.2,1.2,2.3,4.5,2.1;0
13,13,13,14,24,29,32;2,0,3,1,3,3,1;1.2,2.1,6.2,2.5,4.2,0.3,2.6;0
13,13,13,14,26,27,32;2,2,3,1,0,3,3;0.3,3.6,6.2,1.2,1.5,4.5,2.1;0
13,13,13,14,26,29,32;2,0,0,1,0,3,1;1.2,2.1,5.4,2.5,4.2,0.3,2.6;0
13,13,13,15,20,24,31;0,0,2,3,0,2,0;0.3,2.1,3.6,5.3,3.5,3.2,0.4;0
13,13,13,15,24,28,31;0,0,3,3,2,3,0;0.3,2.1,3.5,5.3,3.2,4.5,0.4;0
13,13,13,15,27,29,31;2,3,3,3,3,3,3;3.6,4.0,6.2,0.3,4.5,1.4,1.2;0
13,13,13,15,29,29,31;2,3,0,3,3,1,3;3.6,4.0,4.5,0.3,1.4,5.3,1.2;0
13,13,13,18,20,28,32;1,0,2,3,0,1,2;1.4,2.1,3.6,3.5,2.2,0.3,6.2;0
13,13,13,18,21,28,32;1,0,2,3,0,1,2;1.4,3.2,3.6,3.5,2.1,0.3,6.2;0
13,13,13,19,24,28,32;1,2,3,0,2,1,3;1.4,3.6,6.2,2.2,3.5,0.3,2.1;0
13,13,13,19,26,28,32;1,3,3,0,0,1,3;1.4,3.5,6.2,2.2,4.5,0.3,2.1;0
13,13,13,20,20,28,35;1,0,2,0,0,1,3;1.4,2.1,3.6,2.2,3.5,0.3,5.3;0
13,13,13,20,21,28,35;1,0,2,0,0,1,3;1.4,3.2,3.6,3.5,2.1,0.3,5.3;0
13,13,13,20,21,29,36;1,1,2,2,1,3,2;0.3,3.0,3.6,2.5,5.1,5.3,1.2;0
13,13,13,20,24,27,32;0,2,3,0,1,3,0;2.1,3.6,6.2,2.2,2.3,4.5,0.3;0
13,13,13,20,24,28,30;1,0,3,0,1,1,1;1.4,2.1,6.2,2.2,5.3,0.3,3.5;0
13,13,13,20,24,28,39;1,0,2,0,2,1,3;1.4,2.1,3.6,2.2,3.5,0.3,5.3;0
13,13,13,20,24,29,32;2,0,2,2,3,3,2;1.2,2.1,3.6,2.5,4.2,0.3,6.2;0
13,13,13,20,25,28,32;1,0,3,0,1,1,2;1.4,2.1,3.5,2.2,4.5,0.3,6.2;0
13,13,13,20,26,27,39;0,2,3,0,0,3,2;2.1,3.6,6.2,2.2,1.5,4.5,0.3;0
13,13,13,20,26,28,39;1,0,3,0,0,1,3;1.4,2.1,3.5,2.2,4.5,0.3,5.3;0
13,13,13,20,26,29,39;2,0,2,2,0,3,0;1.2,2.1,3.6,2.5,4.2,0.3,5.4;0
13,13,13,20,27,28,39;0,2,3,0,3,1,1;2.1,3.6,6.2,2.2,4.5,0.3,1.4;0
13,13,13,20,27,29,35;0,2,3,0,3,3,3;2.1,3.6,6.2,2.2,4.5,1.4,0.3;0
13,13,13,20,28,28,35;1,0,3,0,1,3,3;1.4,2.1,3.5,2.2,0.3,4.5,5.3;0
13,13,13,20,28,29,39;0,2,0,0,1,1,1;2.1,3.6,4.5,2.2,0.3,5.3,1.4;0
13,13,13,20,29,29,35;2,0,2,2,3,1,1;1.2,2.1,3.6,2.5,0.3,4.2,5.3;0
13,13,13,21,21,29,36;1,2,1,2,1,3,2;0.3,2.5,3.0,3.7,5.1,5.3,1.2;0
13,13,13,21,24,27,32;1,0,2,2,3,1,2;0.3,2.1,2.5,3.7,4.2,1.2,6.2;0
13,13,13,21,24,28,30;1,0,3,0,1,1,1;1.4,3.2,6.2,2.1,5.3,0.3,3.5;0
13,13,13,21,24,28,39;1,0,2,0,2,1,3;1.4,3.2,3.6,2.1,3.5,0.3,5.3;0
13,13,13,21,24,29,32;2,0,2,2,3,3,2;1.2,2.1,2.5,3.7,4.2,0.3,6.2;0
13,13,13,21,25,28,32;1,0,3,0,1,1,2;1.4,3.2,3.5,2.1,4.5,0.3,6.2;0
13,13,13,21,26,27,32;2,2,3,3,0,3,3;0.3,3.6,6.2,3.0,1.5,4.5,1.2;0
13,13,13,21,26,27,39;1,0,2,2,0,1,0;0.3,2.1,2.5,3.7,4.2,1.2,5.4;0
13,13,13,21,26,28,39;1,0,3,0,0,1,3;1.4,3.2,3.5,2.1,4.5,0.3,5.3;0
13,13,13,21,26,29,32;2,0,0,1,0,3,1;1.2,2.1,5.4,2.5,4.2,0.3,3.5;0
13,13,13,21,26,29,39;2,0,2,2,0,3,0;1.2,2.1,2.5,3.7,4.2,0.3,5.4;0
13,13,13,21,27,28,39;0,2,3,0,3,1,1;3.2,3.6,6.2,2.1,4.5,0.3,1.4;0
13,13,13,21,27,29,35;0,2,3,0,3,3,3;3.2,3.6,6.2,2.1,4.5,1.4,0.3;0
13,13,13,21,28,28,35;1,0,3,0,1,3,3;1.4,3.2,3.5,2.1,0.3,4.5,5.3;0
13,13,13,21,28,29,39;0,2,0,0,1,1,1;3.2,3.6,4.5,2.1,0.3,5.3,1.4;0
13,13,13,21,29,29,35;2,0,2,2,3,1,1;1.2,2.1,2.5,3.7,0.3,4.2,5.3;0
13,13,13,23,24,28,31;1,2,3,2,1,1,3;0.3,3.6,4.0,4.5,2.3,5.3,1.2;0
13,13,13,23,26,28,31;2,2,3,2,0,1,3;0.3,3.6,4.0,4.5,1.5,5.3,1.2;0
13,13,14,15,20,24,32;0,2,2,3,0,2,0;2.1,3.6,2.2,5.3,3.5,3.2,0.3;0
13,13,14,15,20,28,32;1,2,1,3,0,1,3;1.4,3.6,2.2,5.3,3.5,0.3,2.1;0
13,13,14,15,24,28,32;0,3,2,3,2,3,0;2.1,3.5,2.2,5.3,3.2,4.5,0.3;0
13,13,14,15,27,29,32;2,3,1,3,3,3,3;3.6,6.2,1.2,0.3,4.5,1.4,2.1;0
13,13,14,15,28,28,32;1,3,1,3,1,3,3;1.4,3.5,2.2,5.3,0.3,4.5,2.1;0
13,13,14,15,29,29,32;2,0,1,3,3,1,3;3.6,4.5,1.2,0.3,1.4,5.3,2.1;0
13,13,14,23,24,28,32;1,2,1,2,1,1,3;0.3,3.6,1.2,4.5,2.3,5.3,2.1;0
13,13,14,23,26,28,32;2,2,1,2,0,1,3;0.3,3.6,1.2,4.5,1.5,5.3,2.1;0
13,13,15,15,21,24,31;3,3,3,2,1,1,3;4.0,6.2,0.3,3.5,1.4,5.3,1.2;0
13,13,15,19,20,28,32;0,3,3,2,3,0,1;1.2,6.2,0.3,1.4,5.2,3.0,2.6;0
13,13,15,19,21,28,32;0,3,3,2,3,0,1;1.2,5.3,0.3,1.4,5.2,3.0,2.6;0
13,13,15,19,28,29,32;0,2,3,3,0,3,2;1.2,3.6,0.3,4.5,3.0,1.4,6.2;0
13,13,15,20,20,24,32;1,0,3,1,0,2,1;0.3,2.1,5.3,1.2,3.5,3.2,2.6;0
13,13,15,20,21,24,32;0,2,3,0,0,2,0;2.1,3.6,5.3,3.5,0.3,3.2,1.4;0
13,13,15,20,21,24,35;1,0,3,1,2,2,0;0.3,2.1,5.3,1.2,4.6,3.2,2.6;0
13,13,15,20,21,28,31;0,2,3,0,1,2,0;0.3,3.6,5.3,3.5,4.0,2.1,0.4;0
13,13,15,20,21,28,32;1,2,3,0,0,1,3;1.4,3.6,5.3,3.5,2.1,0.3,3.2;0
13,13,15,20,21,28,35;0,3,3,3,1,0,2;1.2,6.2,0.3,5.2,1.4,3.0,3.5;0
13,13,15,20,24,28,39;1,0,3,1,2,3,3;0.3,2.1,5.3,1.2,3.2,4.5,2.6;0
13,13,15,20,28,29,39;0,3,3,3,0,3,2;1.2,6.2,0.3,5.2,3.0,1.4,3.6;0
13,13,15,21,21,24,35;1,0,3,1,2,2,0;1.2,2.1,5.3,0.3,4.6,3.2,2.6;0
13,13,15,21,21,28,35;0,3,3,1,3,0,2;1.2,5.3,0.3,1.4,5.2,3.0,3.5;0
13,13,15,21,24,28,32;0,3,3,0,2,3,0;2.1,3.5,5.3,0.3,3.2,4.5,1.4;0
13,13,15,21,24,28,39;1,0,3,1,2,3,3;1.2,2.1,5.3,0.3,3.2,4.5,2.6;0
13,13,15,21,27,29,32;2,3,3,3,3,3,3;3.6,6.2,0.3,3.0,4.5,1.4,1.2;0
13,13,15,21,28,28,31;0,3,3,1,2,3,0;0.3,3.5,5.3,4.0,2.1,4.5,0.4;0
13,13,15,21,28,28,32;1,3,3,0,1,3,3;1.4,3.5,5.3,2.1,0.3,4.5,3.2;0
13,13,15,21,28,29,39;0,3,3,3,0,3,2;1.2,5.3,0.3,5.2,3.0,1.4,3.6;0
13,13,15,21,29,29,32;2,0,3,3,3,1,3;3.6,4.5,0.3,3.0,1.4,5.3,1.2;0
13,13,15,23,28,29,31;2,3,3,2,1,3,3;3.6,4.0,0.3,4.5,5.3,1.4,1.2;0
13,13,18,20,21,29,32;0,2,1,2,1,3,0;2.1,3.6,2.2,2.5,5.1,5.3,0.3;0
13,13,18,21,21,29,32;0,2,1,2,1,3,0;2.1,2.5,2.2,3.7,5.1,5.3,0.3;0
13,13,19,21,24,29,32;1,0,2,1,0,3,1;0.3,2.1,2.4,5.1,1.2,5.3,2.6;0
13,13,19,21,26,29,32;1,1,2,1,0,3,1;0.3,3.0,2.4,5.1,1.2,5.3,2.6;0
13,13,20,20,21,29,35;0,2,2,2,1,3,1;2.1,3.6,1.2,2.5,5.1,5.3,0.3;0
13,13,20,21,21,29,35;0,2,2,2,1,3,1;2.1,2.5,1.2,3.7,5.1,5.3,0.3;0
13,13,20,21,24,29,30;1,2,2,1,3,3,1;0.3,3.6,2.5,5.1,1.2,5.3,3.0;0
13,13,20,21,24,29,39;0,2,2,1,0,3,1;2.1,3.6,2.5,5.1,1.2,5.3,0.3;0
13,13,20,21,25,29,32;1,2,2,1,3,3,0;3.0,3.6,2.5,5.1,2.1,5.3,0.3;0
13,13,20,21,26,29,39;1,2,2,1,0,3,1;3.0,3.6,2.5,5.1,1.2,5.3,0.3;0
13,13,20,21,28,28,30;1,0,0,0,1,1,1;1.4,2.1,2.2,5.5,0.3,5.3,3.5;0
13,13,20,21,28,29,35;1,2,2,1,1,3,1;3.0,3.6,2.5,5.1,1.2,5.3,0.3;0
13,13,20,21,29,29,39;1,2,2,1,3,3,2;3.0,3.6,2.5,5.1,0.3,5.3,1.2;0
13,13,20,22,27,29,32;1,2,2,2,1,3,3;0.3,3.6,2.5,4.2,1.2,5.3,2.1;0
13,13,20,22,29,29,32;2,2,2,2,3,3,3;1.2,3.6,2.5,4.2,0.3,5.3,2.1;0
13,13,20,23,24,28,32;0,2,0,2,1,1,0;2.1,3.6,2.2,4.5,2.3,5.3,0.3;0
13,13,20,23,26,28,39;0,2,0,2,0,1,2;2.1,3.6,2.2,4.5,1.5,5.3,0.3;0
13,13,20,23,28,28,39;0,2,0,2,1,1,1;2.1,3.6,2.2,4.5,0.3,5.3,1.4;0
13,13,20,23,28,29,35;0,2,0,2,1,3,3;2.1,3.6,2.2,4.5,5.3,1.4,0.3;0
13,13,21,21,24,29,30;1,2,2,1,3,3,1;0.3,2.5,3.7,5.1,1.2,5.3,3.0;0
13,13,21,21,24,29,39;0,2,2,1,0,3,1;2.1,2.5,3.7,5.1,1.2,5.3,0.3;0
13,13,21,21,25,29,32;2,1,2,1,3,3,0;2.5,3.0,3.7,5.1,2.1,5.3,0.3;0
13,13,21,21,26,29,39;2,1,2,1,0,3,1;2.5,3.0,3.7,5.1,1.2,5.3,0.3;0
13,13,21,21,28,28,30;1,0,0,0,1,1,1;1.4,3.2,2.1,5.5,0.3,5.3,3.5;0
13,13,21,21,28,29,35;2,1,2,1,1,3,1;2.5,3.0,3.7,5.1,1.2,5.3,0.3;0
13,13,21,21,29,29,39;2,1,2,1,3,3,2;2.5,3.0,3.7,5.1,0.3,5.3,1.2;0
13,13,21,22,27,29,32;1,2,2,2,1,3,3;0.3,2.5,3.7,4.2,1.2,5.3,2.1;0
13,13,21,22,29,29,32;2,2,2,2,3,3,3;1.2,2.5,3.7,4.2,0.3,5.3,2.1;0
13,13,21,23,24,28,32;0,2,0,2,1,1,0;3.2,3.6,2.1,4.5,2.3,5.3,0.3;0
13,13,21,23,26,28,32;2,2,3,2,0,1,3;0.3,3.6,3.0,4.5,1.5,5.3,1.2;0
13,13,21,23,26,28,39;0,2,0,2,0,1,2;3.2,3.6,2.1,4.5,1.5,5.3,0.3;0
13,13,21,23,28,28,39;0,2,0,2,1,1,1;3.2,3.6,2.1,4.5,0.3,5.3,1.4;0
13,13,21,23,28,29,35;0,2,0,2,1,3,3;3.2,3.6,2.1,4.5,5.3,1.4,0.3;0
13,14,15,15,21,24,32;3,1,3,2,1,1,3;6.2,1.2,0.3,3.5,1.4,5.3,2.1;0
13,14,15,15,21,28,32;0,2,3,2,1,0,2;1.2,5.2,0.3,3.5,1.4,3.0,6.2;0
13,14,15,20,21,28,32;2,2,3,0,1,2,0;3.6,2.2,5.3,3.5,4.0,2.1,0.3;0
13,14,15,20,21,29,32;2,1,3,0,3,1,3;3.6,2.2,5.3,3.5,0.4,0.3,2.1;0
13,14,15,21,28,28,32;3,2,3,1,2,3,0;3.5,2.2,5.3,4.0,2.1,4.5,0.3;0
13,14,15,21,28,29,32;3,1,3,3,3,1,3;3.5,2.2,5.3,0.4,4.5,0.3,2.1;0
13,14,15,23,28,29,32;2,1,3,2,1,3,3;3.6,1.2,0.3,4.5,5.3,1.4,2.1;0
13,15,15,21,21,24,32;3,3,2,1,3,1,3;6.2,0.3,3.5,1.4,3.0,5.3,1.2;0
13,15,15,21,21,28,31;3,3,2,1,0,1,3;4.0,0.3,3.5,1.4,5.5,5.3,1.2;0
13,15,15,21,21,28,32;0,3,2,1,3,0,2;1.2,0.3,3.5,1.4,5.2,3.0,5.3;0
13,15,19,20,21,29,32;3,3,2,3,2,0,1;6.2,0.3,1.4,5.2,1.2,3.2,2.6;0
13,15,19,21,21,29,32;3,3,2,2,3,0,1;5.3,0.3,1.4,1.2,5.2,3.2,2.6;0
13,15,19,21,29,29,32;2,3,3,2,3,0,2;3.6,0.3,4.5,1.2,1.4,3.2,6.2;0
13,15,20,20,21,28,32;1,3,1,0,1,2,1;0.3,5.3,1.2,3.5,4.0,2.1,2.6;0
13,15,20,21,21,28,32;2,3,0,0,1,2,0;3.6,5.3,3.5,0.3,4.0,2.1,1.4;0
13,15,20,21,21,28,35;1,3,1,1,2,2,0;0.3,5.3,1.2,4.0,4.6,2.1,2.6;0
13,15,20,21,21,29,32;2,3,0,3,0,1,3;3.6,5.3,3.5,0.4,2.1,0.3,3.2;0
13,15,20,21,21,29,35;3,3,3,2,1,0,2;6.2,0.3,5.2,1.2,1.4,3.2,3.5;0
13,15,20,21,28,28,39;1,3,1,1,2,3,3;0.3,5.3,1.2,4.0,2.1,4.5,2.6;0
13,15,20,21,29,29,39;3,3,3,2,3,0,2;6.2,0.3,5.2,1.2,1.4,3.2,3.6;0
13,15,21,21,21,28,35;1,3,1,1,2,2,0;1.2,5.3,0.3,4.0,4.6,2.1,2.6;0
13,15,21,21,21,29,35;3,3,2,1,3,0,2;5.3,0.3,1.2,1.4,5.2,3.2,3.5;0
13,15,21,21,28,28,32;3,3,0,1,2,3,0;3.5,5.3,0.3,4.0,2.1,4.5,1.4;0
13,15,21,21,28,28,39;1,3,1,1,2,3,3;1.2,5.3,0.3,4.0,2.1,4.5,2.6;0
13,15,21,21,28,29,32;3,3,3,0,3,1,3;3.5,5.3,0.4,2.1,4.5,0.3,3.2;0
13,15,21,21,29,29,39;3,3,2,3,3,0,2;5.3,0.3,1.2,5.2,1.4,3.2,3.6;0
13,15,21,23,28,29,32;2,3,3,2,1,3,3;3.6,0.3,3.0,4.5,5.3,1.4,1.2;0
13,20,21,21,28,29,30;0,0,3,0,1,1,1;2.1,2.2,0.4,5.5,5.3,0.3,3.5;0
13,20,22,23,28,29,32;0,0,0,2,1,1,1;2.1,2.2,0.4,4.5,5.3,0.3,2.6;0
13,21,21,21,28,29,30;0,3,0,0,1,1,1;3.2,0.4,2.1,5.5,5.3,0.3,3.5;0
13,21,22,23,28,29,32;0,0,0,2,1,1,1;3.2,2.1,0.4,4.5,5.3,0.3,2.6;0
14,15,15,21,21,28,32;1,3,2,1,0,1,3;1.2,0.3,3.5,1.4,5.5,5.3,2.1;0
14,15,15,21,21,29,32;2,3,2,2,1,0,2;5.2,0.3,3.5,1.2,1.4,3.2,6.2;0
15,15,21,21,21,28,32;3,2,1,3,0,1,3;0.3,3.5,1.4,3.0,5.5,5.3,1.2;0
15,15,21,21,21,29,32;3,2,2,1,3,0,2;0.3,3.5,1.2,1.4,5.2,3.2,5.3;0
30,30,31,31,31,31;0,0,3,0,2,1;0.3,5.3,1.2,1.5,4.0,4.5;1
30,30,31,31,32,37;0,0,0,1,3,1;0.3,5.3,1.5,4.5,2.1,1.2;1
30,30,32,32,37,37;0,0,3,1,1,1;0.3,5.3,2.1,2.6,1.2,1.5;1
30,31,31,32,33,34;0,2,1,0,0,0;5.3,4.0,4.5,0.3,2.4,2.1;1
32,32,32,32,38,38;0,3,1,2,1,3;0.3,2.1,2.6,6.2,2.2,2.4;1
32,32,32,33,34,38;0,3,2,0,0,1;0.3,2.1,6.2,2.4,4.5,2.2;1
32,32,33,33,34,34;3,1,1,1,1,1;2.1,2.6,0.3,4.5,0.4,4.2;1
