5,5,5,5,6,6,13,13;1,1,1,1,0,0,2,0;1.3,2.2,2.5,3.4,0.1,6.5,1.6,4.1;1
5,5,5,6,6,6,13,24;1,1,1,0,0,0,0,0;1.3,2.2,3.4,0.1,1.6,6.5,4.1,2.5;0
5,5,5,6,6,7,12,13;1,1,1,0,0,3,1,2;1.3,2.5,3.4,0.1,6.5,2.2,5.0,1.6;0
5,5,5,6,6,11,12,13;1,1,1,0,0,3,2,2;1.3,2.5,3.4,5.0,6.5,3.2,0.1,1.6;0
5,5,6,6,6,6,24,24;1,1,0,0,0,0,2,0;1.3,3.4,0.1,1.6,5.0,6.5,2.2,2.5;1
5,5,6,6,6,7,12,24;1,1,0,0,0,3,1,0;1.3,3.4,0.1,1.6,6.5,2.2,5.0,2.5;0
5,5,6,6,6,10,13,29;1,1,0,0,0,1,2,0;2.5,3.4,0.1,5.0,6.5,1.3,1.6,3.3;0
5,5,6,6,6,11,12,24;1,1,0,0,0,3,2,0;1.3,3.4,1.6,5.0,6.5,3.2,0.1,2.5;0
5,5,6,6,6,11,13,13;1,1,0,0,0,2,0,2;2.5,3.4,0.1,5.0,6.5,4.1,1.3,1.6;0
5,5,6,6,6,11,13,25;1,1,0,0,0,3,2,0;2.5,3.4,0.1,5.0,6.5,3.2,1.6,1.3;0
5,5,6,6,6,11,13,26;1,1,0,0,0,3,2,0;2.5,3.4,0.1,5.0,6.5,1.3,1.6,3.2;0
5,5,6,6,7,7,12,12;1,1,0,0,3,1,3,1;1.3,3.4,0.1,6.5,2.2,3.5,1.6,5.0;1
5,5,6,6,7,11,12,12;1,1,0,0,1,3,2,3;1.3,3.4,5.0,6.5,3.5,3.2,0.1,1.6;0
5,5,6,6,7,11,12,13;1,1,0,0,3,2,2,2;2.5,3.4,5.0,6.5,1.3,4.1,0.1,1.6;0
5,5,6,6,8,8,13,13;1,1,0,0,0,2,2,0;2.2,2.5,0.1,6.5,1.3,4.3,1.6,4.1;1
5,5,6,6,8,10,12,13;1,1,0,0,3,1,1,2;2.5,3.4,0.1,6.5,3.3,1.3,5.0,1.6;0
5,5,6,6,8,11,13,13;1,1,0,0,2,3,1,2;2.5,3.4,5.0,6.5,2.2,3.2,0.1,1.6;0
5,5,6,6,10,10,12,12;2,2,0,0,1,1,3,1;3.3,4.1,0.1,6.5,1.3,4.5,1.6,5.0;1
5,5,6,6,10,10,13,13;1,1,0,0,1,1,2,0;2.5,3.4,0.1,6.5,1.3,3.3,1.6,4.1;0
5,5,6,6,11,11,12,12;1,1,0,0,1,3,2,0;1.3,3.4,1.6,5.0,2.5,3.2,0.1,5.5;1
5,5,6,6,11,11,12,13;1,1,0,0,2,1,3,0;1.3,2.2,0.1,6.5,3.4,4.4,1.6,4.1;0
5,5,6,6,11,11,13,13;1,1,0,0,3,1,2,0;2.5,3.4,0.1,6.5,1.3,3.2,1.6,4.1;0
5,5,6,12,13,31,39;1,1,0,3,0,1,3;1.3,2.2,0.1,1.6,4.1,3.4,5.5;0
5,5,6,13,13,30,39;1,1,0,0,3,0,2;1.3,2.2,0.1,4.1,6.4,3.4,1.6;0
5,5,6,13,13,33,39;1,1,0,2,0,1,3;1.3,2.2,0.1,1.6,4.1,2.5,5.5;0
5,5,6,13,13,39,39;1,1,0,2,0,2,3;1.3,2.2,0.1,3.4,4.1,1.6,5.5;0
5,5,13,13,13,13,34;1,1,1,2,0,3,1;2.2,2.5,0.1,1.6,4.1,6.4,2.3;1
5,6,6,6,6,10,24,29;1,0,0,0,0,1,0,0;3.4,0.1,1.6,5.0,6.5,1.3,2.5,3.3;0
5,6,6,6,6,11,13,24;1,0,0,0,0,2,0,0;3.4,0.1,1.6,5.0,6.5,4.1,1.3,2.5;0
5,6,6,6,6,11,24,25;1,0,0,0,0,3,0,0;3.4,0.1,1.6,5.0,6.5,3.2,2.5,1.3;0
5,6,6,6,6,11,24,26;1,0,0,0,0,3,0,0;3.4,0.1,1.6,5.0,6.5,1.3,2.5,3.2;0
5,6,6,6,7,10,12,29;1,0,0,0,1,1,3,0;3.4,0.1,5.0,6.5,3.5,1.3,1.6,3.3;0
5,6,6,6,7,11,12,13;1,0,0,0,1,2,3,0;3.4,0.1,5.0,6.5,3.5,4.1,1.6,1.3;0
5,6,6,6,7,11,12,24;1,0,0,0,3,2,2,0;3.4,1.6,5.0,6.5,1.3,4.1,0.1,2.5;0
5,6,6,6,7,11,12,25;1,0,0,0,1,3,3,0;3.4,0.1,5.0,6.5,3.5,3.2,1.6,1.3;0
5,6,6,6,7,11,12,26;1,0,0,0,1,3,3,0;3.4,0.1,5.0,6.5,3.5,1.3,1.6,3.2;0
5,6,6,6,8,8,13,24;1,0,0,0,0,2,0,0;2.2,0.1,1.6,6.5,1.3,4.3,4.1,2.5;0
5,6,6,6,8,10,12,24;1,0,0,0,3,1,1,0;3.4,0.1,1.6,6.5,3.3,1.3,5.0,2.5;0
5,6,6,6,8,11,13,24;1,0,0,0,2,3,1,0;3.4,1.6,5.0,6.5,2.2,3.2,0.1,2.5;0
5,6,6,6,8,11,13,29;1,0,0,0,2,3,2,1;2.5,0.1,5.0,6.5,4.3,3.2,1.6,1.3;0
5,6,6,6,10,10,12,25;2,0,0,0,1,1,1,1;4.1,0.1,1.6,6.5,1.3,4.5,5.0,2.5;0
5,6,6,6,10,10,13,24;1,0,0,0,1,1,0,0;3.4,0.1,1.6,6.5,1.3,3.3,4.1,2.5;0
5,6,6,6,10,11,12,13;2,0,0,0,1,2,3,3;3.3,0.1,4.4,5.0,1.3,4.1,1.6,6.4;0
5,6,6,6,10,11,12,29;1,0,0,0,1,3,2,2;1.3,1.6,5.0,6.5,4.5,3.2,0.1,2.5;0
5,6,6,6,10,11,13,19;1,0,0,0,1,2,2,2;2.5,0.1,5.0,6.5,1.3,4.1,1.6,3.3;0
5,6,6,6,11,11,12,13;1,0,0,0,1,2,0,0;3.4,0.1,1.6,5.0,2.5,4.1,5.5,1.3;0
5,6,6,6,11,11,12,24;1,0,0,0,2,1,3,2;1.3,0.1,5.0,6.5,3.4,4.4,1.6,2.2;0
5,6,6,6,11,11,12,25;1,0,0,0,1,3,0,0;3.4,0.1,1.6,5.0,2.5,3.2,5.5,1.3;0
5,6,6,6,11,11,12,26;1,0,0,0,3,1,0,0;3.4,0.1,1.6,5.0,1.3,2.5,5.5,3.2;0
5,6,6,6,11,11,13,24;1,0,0,0,3,1,0,0;3.4,0.1,1.6,6.5,1.3,3.2,4.1,2.5;0
5,6,6,6,11,11,13,25;1,0,0,0,3,3,2,0;2.5,0.1,5.0,6.5,1.3,3.2,1.6,3.4;0
5,6,6,7,7,11,12,12;1,0,0,3,1,2,2,3;3.4,5.0,6.5,1.3,3.5,4.1,0.1,1.6;0
5,6,6,7,8,8,12,13;1,0,0,3,0,2,1,2;2.5,0.1,6.5,2.2,1.3,4.3,5.0,1.6;0
5,6,6,7,8,10,12,12;1,0,0,1,3,1,3,1;3.4,0.1,6.5,3.5,3.3,1.3,1.6,5.0;0
5,6,6,7,8,11,12,13;1,0,0,1,2,3,3,1;3.4,5.0,6.5,3.5,2.2,3.2,1.6,0.1;0
5,6,6,7,10,10,12,13;1,0,0,1,1,1,3,0;3.4,0.1,6.5,3.5,1.3,3.3,1.6,4.1;0
5,6,6,7,10,11,12,12;2,0,0,1,1,2,3,0;3.3,0.1,5.0,4.4,1.3,4.1,1.6,5.5;0
5,6,6,7,11,11,12,12;1,0,0,3,1,2,2,0;3.4,1.6,5.0,1.3,2.5,4.1,0.1,5.5;0
5,6,6,7,11,11,12,13;1,0,0,1,3,1,3,0;3.4,0.1,6.5,3.5,1.3,3.2,1.6,4.1;0
5,6,6,8,8,11,12,13;1,0,0,0,2,3,2,2;2.5,5.0,6.5,1.3,4.3,3.2,0.1,1.6;0
5,6,6,8,10,10,12,13;2,0,0,1,1,1,3,0;3.3,0.1,6.5,4.2,1.3,4.5,1.6,4.1;0
5,6,6,8,10,11,12,12;1,0,0,1,1,3,2,3;1.3,5.0,6.5,3.4,4.5,3.2,0.1,1.6;0
5,6,6,8,10,11,13,13;1,0,0,2,1,2,2,3;2.5,0.1,5.0,3.3,1.3,4.1,1.6,6.4;0
5,6,6,8,11,11,12,13;1,0,0,0,1,3,2,3;1.3,1.6,5.0,3.4,2.5,3.2,0.1,6.4;0
5,6,6,10,10,11,12,13;1,0,0,1,1,3,2,2;1.3,5.0,6.5,2.5,4.5,3.2,0.1,1.6;0
5,6,6,11,11,11,12,12;1,0,0,3,2,1,2,3;1.3,5.0,6.5,3.2,3.4,4.4,0.1,1.6;0
5,6,6,11,11,11,12,13;1,0,0,3,1,1,0,0;3.4,0.1,1.6,1.3,2.5,3.2,5.5,4.1;0
5,6,6,11,11,11,13,13;1,0,0,3,3,3,2,3;2.5,0.1,5.0,1.3,3.2,3.4,1.6,6.4;0
5,6,6,12,24,31,39;1,0,0,3,2,1,3;1.3,0.1,5.0,1.6,2.2,3.4,5.5;0
5,6,6,13,24,30,39;1,0,0,3,2,0,2;1.3,0.1,5.0,6.4,2.2,3.4,1.6;0
5,6,6,13,24,33,39;1,0,0,2,2,1,3;1.3,0.1,5.0,1.6,2.2,2.5,5.5;0
5,6,6,13,24,39,39;1,0,0,2,2,2,3;1.3,0.1,5.0,3.4,2.2,1.6,5.5;0
5,6,6,13,25,33,39;1,0,0,0,2,1,2;2.2,0.1,6.5,4.1,1.3,3.5,1.6;0
5,6,7,12,12,31,39;1,0,3,3,1,1,3;1.3,0.1,2.2,1.6,5.0,3.4,5.5;0
5,6,7,12,13,30,39;1,0,3,1,3,0,2;1.3,0.1,2.2,5.0,6.4,3.4,1.6;0
5,6,7,12,13,33,39;1,0,3,1,2,1,3;1.3,0.1,2.2,5.0,1.6,2.5,5.5;0
5,6,7,12,13,39,39;1,0,3,1,2,2,3;1.3,0.1,2.2,5.0,3.4,1.6,5.5;0
5,6,8,13,29,39,39;1,0,0,0,0,2,3;2.2,0.1,1.3,4.1,3.5,1.6,5.5;0
5,6,10,12,24,39,39;2,0,1,3,1,0,3;3.3,0.1,1.3,1.6,4.2,4.1,5.5;0
5,6,10,13,25,39,39;1,0,1,2,0,1,0;2.5,6.5,2.3,1.6,3.4,0.1,4.1;0
5,6,11,12,12,31,39;1,0,3,2,3,1,3;1.3,5.0,3.2,0.1,1.6,3.4,5.5;0
5,6,11,12,13,30,39;1,0,3,2,3,0,2;1.3,5.0,3.2,0.1,6.4,3.4,1.6;0
5,6,11,12,13,33,39;1,0,3,2,2,1,3;1.3,5.0,3.2,0.1,1.6,2.5,5.5;0
5,6,11,12,13,39,39;1,0,3,2,2,2,3;1.3,5.0,3.2,0.1,3.4,1.6,5.5;0
5,6,11,12,23,39,39;2,0,2,3,0,0,3;3.3,0.1,4.3,1.6,1.3,4.1,5.5;0
5,6,11,13,13,33,39;1,0,3,2,3,1,0;2.5,0.1,3.4,1.6,6.4,1.3,4.1;0
5,6,11,13,13,34,39;1,0,3,2,3,1,1;2.5,5.0,3.2,1.6,6.4,2.3,0.1;0
5,6,11,13,18,39,39;1,0,2,0,0,2,3;2.2,0.1,4.3,4.1,1.3,1.6,5.5;0
5,6,12,12,23,27,39;2,0,3,0,0,2,0;3.3,0.1,1.6,5.5,1.3,4.3,4.1;0
5,6,12,13,13,15,39;2,0,1,0,3,1,2;4.1,0.1,5.0,1.3,6.4,3.4,1.6;0
5,6,12,13,13,23,39;1,0,2,2,3,0,0;2.5,0.1,3.3,1.6,6.4,1.3,4.1;0
5,6,12,13,18,27,39;1,0,0,0,0,2,2;2.2,0.1,5.5,4.1,1.3,4.3,1.6;0
5,6,12,13,21,25,39;1,0,3,0,0,2,3;2.2,0.1,1.6,4.1,3.5,1.3,5.5;0
5,6,12,13,23,25,39;1,0,0,0,0,2,2;2.2,0.1,5.5,4.1,3.5,1.3,1.6;0
5,6,13,13,13,18,39;1,0,0,3,3,0,2;2.2,0.1,4.1,4.3,6.4,1.3,1.6;0
5,6,13,13,13,22,36;1,0,1,0,3,2,3;2.2,1.6,0.1,4.1,6.4,2.3,2.5;0
5,6,13,13,13,24,34;1,0,1,0,3,0,1;2.2,1.6,0.1,4.1,6.4,2.5,2.3;0
5,6,13,13,13,25,39;1,0,0,0,3,2,2;2.2,0.1,3.5,4.1,6.4,1.3,1.6;0
5,6,13,13,13,27,39;1,0,0,2,3,3,0;2.5,0.1,1.3,1.6,6.4,3.4,4.1;0
5,6,13,13,15,19,39;1,0,0,3,1,0,2;2.2,0.1,4.1,6.4,3.4,1.3,1.6;0
5,6,13,13,17,29,39;1,0,2,3,2,1,0;2.5,0.1,1.6,6.4,3.2,1.3,4.1;0
5,6,13,13,22,26,39;1,0,1,0,2,0,3;2.2,1.6,0.1,4.1,2.3,2.5,5.5;0
5,6,13,13,23,25,39;1,0,2,0,2,2,3;2.2,0.1,1.6,4.1,2.5,1.3,5.5;0
5,7,11,12,13,39,39;2,1,2,3,1,0,3;3.3,2.2,4.3,1.6,0.1,4.1,5.5;0
5,7,11,13,13,39,39;1,0,2,1,0,2,3;2.2,2.3,4.3,0.1,4.1,1.6,5.5;0
5,7,12,12,13,15,39;2,3,2,1,3,1,2;4.1,1.3,0.1,5.0,6.4,3.4,1.6;0
5,7,12,12,13,27,39;2,3,2,1,3,0,2;4.1,3.5,0.1,5.0,6.4,1.3,1.6;0
5,7,12,13,13,13,34;1,3,1,1,2,3,1;2.5,2.2,5.0,0.1,1.6,6.4,2.3;0
5,7,12,13,13,13,39;1,3,0,1,0,3,2;2.2,3.5,2.3,0.1,4.1,6.4,1.6;0
5,7,12,13,13,27,39;1,3,2,2,3,3,0;2.5,1.3,0.1,1.6,6.4,3.4,4.1;0
5,7,13,13,13,13,39;1,0,1,0,3,3,2;2.2,2.3,0.1,4.1,4.3,6.4,1.6;0
5,8,12,13,13,17,39;1,0,2,2,3,2,0;2.5,1.3,0.1,1.6,6.4,3.2,4.1;0
5,8,13,13,13,15,39;1,0,1,0,3,1,2;2.2,2.3,0.1,4.1,6.4,3.4,1.6;0
5,8,13,13,13,22,39;1,0,1,2,3,0,0;2.5,2.2,0.1,1.6,6.4,2.3,4.1;0
5,10,11,13,13,39,39;1,1,3,2,3,1,0;2.5,2.3,3.4,1.6,6.4,0.1,4.1;0
5,10,13,13,13,17,39;1,0,1,2,3,2,0;2.5,2.2,0.1,1.6,6.4,3.2,4.1;0
5,11,12,12,13,17,39;2,2,3,1,1,1,3;3.3,4.3,1.6,5.0,0.1,2.2,5.5;0
5,11,12,13,13,20,39;1,2,3,1,0,1,3;2.2,4.3,1.6,0.1,4.1,2.3,5.5;0
5,11,12,13,13,21,39;1,3,1,2,3,2,1;2.5,3.4,5.0,1.6,6.4,2.3,0.1;0
5,11,12,13,13,22,39;1,2,3,1,0,2,3;2.2,3.4,1.6,0.1,4.1,2.3,5.5;0
5,11,12,13,13,23,39;1,3,2,2,3,2,0;2.5,3.4,0.1,1.6,6.4,1.3,4.1;0
5,11,13,13,13,13,39;1,3,1,2,2,3,0;2.5,3.4,0.1,1.6,2.2,6.4,4.1;0
5,11,13,13,13,15,39;1,2,1,2,0,2,3;2.2,4.3,0.1,1.6,4.1,2.3,5.5;0
5,11,13,13,13,22,39;1,3,1,2,0,2,3;2.2,2.5,0.1,1.6,4.1,2.3,5.5;0
5,11,13,13,13,23,39;1,3,2,0,3,0,1;2.5,3.4,1.6,4.1,6.4,2.3,0.1;0
5,12,12,12,13,17,27;2,2,3,1,3,1,0;4.1,0.1,1.6,5.0,6.4,3.5,1.3;0
5,12,12,13,13,13,17;1,2,1,1,2,3,1;2.5,3.3,5.0,0.1,1.6,6.4,2.2;0
5,12,12,13,13,20,27;1,2,1,2,3,3,0;2.5,0.1,5.0,1.6,6.4,4.1,1.3;0
5,12,13,13,13,13,20;1,2,1,2,0,3,2;2.5,3.3,0.1,1.6,4.1,6.4,2.2;0
5,12,13,13,13,15,27;1,2,2,0,3,0,0;2.5,0.1,1.6,4.1,6.4,4.2,1.3;0
5,12,13,13,13,22,27;1,1,1,2,3,0,0;2.5,5.0,0.1,1.6,6.4,2.3,2.2;0
5,13,13,13,13,13,15;1,1,2,1,0,3,0;2.5,0.1,1.6,2.2,4.1,6.4,4.2;0
5,13,13,13,13,22,25;1,1,2,0,3,0,2;2.5,0.1,1.6,4.1,6.4,2.3,2.2;0
6,6,6,6,8,8,24,24;0,0,0,0,0,2,2,0;0.1,1.6,5.0,6.5,1.3,4.3,2.2,2.5;1
6,6,6,6,8,11,11,36;0,0,0,0,2,3,3,3;0.1,1.6,5.0,6.5,4.3,1.3,3.2,2.5;0
6,6,6,6,8,11,24,29;0,0,0,0,2,3,0,1;0.1,1.6,5.0,6.5,4.3,3.2,2.5,1.3;0
6,6,6,6,10,10,25,25;0,0,0,0,1,1,1,3;0.1,1.6,5.0,6.5,1.3,4.5,2.5,4.1;1
6,6,6,6,10,10,29,29;0,0,0,0,1,1,2,0;0.1,1.6,5.0,6.5,1.3,4.5,2.5,3.3;1
6,6,6,6,10,11,11,36;0,0,0,0,1,2,1,0;0.1,1.6,5.0,6.5,1.3,4.1,4.4,2.5;0
6,6,6,6,10,11,13,25;0,0,0,0,1,2,3,1;0.1,1.6,4.4,5.0,1.3,4.1,6.4,2.5;0
6,6,6,6,10,11,13,29;0,0,0,0,1,2,0,2;0.1,1.6,5.0,6.5,4.5,4.1,1.3,2.5;0
6,6,6,6,10,11,19,24;0,0,0,0,1,2,2,0;0.1,1.6,5.0,6.5,1.3,4.1,3.3,2.5;0
6,6,6,6,10,11,25,29;0,0,0,0,1,3,0,2;0.1,1.6,5.0,6.5,4.5,3.2,1.3,2.5;0
6,6,6,6,10,11,26,29;0,0,0,0,1,3,0,2;0.1,1.6,5.0,6.5,4.5,1.3,3.2,2.5;0
6,6,6,6,11,11,13,13;0,0,0,0,0,2,0,3;0.1,1.6,4.4,5.0,2.5,4.1,1.3,6.4;0
6,6,6,6,11,11,13,25;0,0,0,0,1,2,0,2;0.1,1.6,5.0,6.5,2.5,4.1,1.3,3.4;0
6,6,6,6,11,11,13,26;0,0,0,0,2,1,0,0;0.1,1.6,5.0,6.5,4.1,4.4,1.3,2.5;0
6,6,6,6,11,11,24,25;0,0,0,0,3,3,0,0;0.1,1.6,5.0,6.5,1.3,3.2,2.5,3.4;0
6,6,6,6,11,11,25,25;0,0,0,0,1,3,0,2;0.1,1.6,5.0,6.5,2.5,3.2,1.3,3.4;1
6,6,6,6,11,11,25,26;0,0,0,0,3,1,2,0;0.1,1.6,5.0,6.5,1.3,2.5,3.4,3.2;0
6,6,6,6,11,11,26,26;0,0,0,0,3,1,0,0;0.1,1.6,5.0,6.5,1.3,4.4,2.5,3.2;1
6,6,6,6,11,11,26,29;0,0,0,0,3,3,0,3;0.1,1.6,5.0,6.5,1.3,3.2,2.5,4.3;0
6,6,6,6,11,11,29,29;0,0,0,0,1,3,1,3;0.1,1.6,5.0,6.5,2.5,3.2,1.3,4.3;1
6,6,6,7,8,8,12,24;0,0,0,3,0,2,1,0;0.1,1.6,6.5,2.2,1.3,4.3,5.0,2.5;0
6,6,6,7,8,11,12,29;0,0,0,1,2,3,3,1;0.1,5.0,6.5,3.5,4.3,3.2,1.6,1.3;0
6,6,6,7,10,11,11,39;0,0,0,2,1,2,1,2;0.1,5.0,6.5,3.3,1.3,4.1,4.4,1.6;0
6,6,6,7,10,11,12,19;0,0,0,1,1,2,3,2;0.1,5.0,6.5,3.5,1.3,4.1,1.6,3.3;0
6,6,6,7,10,11,12,25;0,0,0,1,1,2,0,1;0.1,1.6,5.0,4.4,1.3,4.1,5.5,2.5;0
6,6,6,7,10,11,12,29;0,0,0,3,1,2,2,2;1.6,5.0,6.5,1.3,4.5,4.1,0.1,2.5;0
6,6,6,7,11,11,12,13;0,0,0,3,0,2,2,3;1.6,4.4,5.0,1.3,2.5,4.1,0.1,6.4;0
6,6,6,7,11,11,12,25;0,0,0,3,1,2,2,2;1.6,5.0,6.5,1.3,2.5,4.1,0.1,3.4;0
6,6,6,7,11,11,12,26;0,0,0,3,2,1,2,0;1.6,5.0,6.5,1.3,4.1,4.4,0.1,2.5;0
6,6,6,8,8,11,11,39;0,0,0,2,2,3,3,2;0.1,5.0,6.5,3.4,4.3,1.3,3.2,1.6;0
6,6,6,8,8,11,12,24;0,0,0,0,2,3,2,0;1.6,5.0,6.5,1.3,4.3,3.2,0.1,2.5;0
6,6,6,8,10,10,12,29;0,0,0,1,1,1,3,0;0.1,5.0,6.5,3.4,1.3,4.5,1.6,3.3;0
6,6,6,8,10,10,13,25;0,0,0,1,1,1,0,1;0.1,1.6,6.5,4.2,1.3,4.5,4.1,2.5;0
6,6,6,8,10,11,11,39;0,0,0,2,1,1,2,3;0.1,1.6,5.0,3.3,1.3,2.5,4.1,5.5;0
6,6,6,8,10,11,12,13;0,0,0,1,1,2,3,0;0.1,5.0,6.5,3.4,4.5,4.1,1.6,1.3;0
6,6,6,8,10,11,12,25;0,0,0,1,1,3,3,0;0.1,5.0,6.5,3.4,4.5,3.2,1.6,1.3;0
6,6,6,8,10,11,12,26;0,0,0,1,1,3,3,0;0.1,5.0,6.5,3.4,4.5,1.3,1.6,3.2;0
6,6,6,8,10,11,13,13;0,0,0,3,1,2,2,3;0.1,4.4,5.0,2.5,1.3,4.1,1.6,6.4;0
6,6,6,8,10,11,13,24;0,0,0,2,1,2,3,0;0.1,1.6,5.0,3.3,1.3,4.1,6.4,2.5;0
6,6,6,8,10,11,13,29;0,0,0,2,1,3,1,2;1.6,5.0,6.5,2.2,4.5,3.2,0.1,2.5;0
6,6,6,8,11,11,12,26;0,0,0,2,3,3,0,0;0.1,1.6,5.0,4.3,1.3,3.2,5.5,2.5;0
6,6,6,8,11,11,12,27;0,0,0,2,3,3,3,2;0.1,5.0,6.5,4.3,1.3,3.2,1.6,3.4;0
6,6,6,8,11,11,12,29;0,0,0,0,1,3,2,3;1.6,5.0,6.5,1.3,2.5,3.2,0.1,4.3;0
6,6,6,8,11,11,13,13;0,0,0,0,1,2,0,3;0.1,1.6,5.0,3.4,2.5,4.1,1.3,6.4;0
6,6,6,8,11,11,13,25;0,0,0,2,3,3,2,0;0.1,5.0,6.5,4.3,1.3,3.2,1.6,2.5;0
6,6,6,8,11,11,13,26;0,0,0,0,3,1,3,0;0.1,1.6,5.0,3.4,1.3,2.5,6.4,3.2;0
6,6,6,8,33,36,39;0,0,0,0,1,1,2;0.1,5.0,6.5,1.3,3.5,2.2,1.6;0
6,6,6,9,10,11,11,39;0,0,0,0,1,3,3,2;0.1,5.0,6.5,3.4,4.5,1.3,3.2,1.6;0
6,6,6,10,10,10,13,29;0,0,0,1,1,1,2,0;0.1,5.0,6.5,1.3,2.5,4.5,1.6,3.3;0
6,6,6,10,10,11,11,39;0,0,0,1,1,2,2,2;0.1,5.0,6.5,1.3,4.5,3.3,4.1,1.6;0
6,6,6,10,10,11,12,25;0,0,0,1,1,2,3,3;0.1,5.0,6.5,1.3,4.5,4.1,1.6,3.3;0
6,6,6,10,10,11,13,13;0,0,0,1,1,2,0,2;0.1,5.0,6.5,2.5,4.5,4.1,1.3,1.6;0
6,6,6,10,10,11,13,25;0,0,0,1,1,3,2,0;0.1,5.0,6.5,2.5,4.5,3.2,1.6,1.3;0
6,6,6,10,10,11,13,26;0,0,0,1,1,3,2,0;0.1,5.0,6.5,2.5,4.5,1.3,1.6,3.2;0
6,6,6,10,10,11,13,29;0,0,0,1,1,2,2,0;0.1,5.0,6.5,1.3,4.5,4.1,1.6,2.5;0
6,6,6,10,11,11,12,19;0,0,0,1,1,2,0,2;0.1,1.6,5.0,1.3,2.5,4.1,5.5,3.3;0
6,6,6,10,11,11,12,22;0,0,0,1,3,3,3,3;0.1,5.0,6.5,4.5,1.3,3.2,1.6,3.4;0
6,6,6,10,11,11,12,24;0,0,0,1,2,1,3,1;0.1,5.0,6.5,1.3,4.1,4.4,1.6,3.3;0
6,6,6,10,11,11,12,29;0,0,0,1,2,1,3,0;0.1,5.0,6.5,1.3,3.4,4.4,1.6,3.3;0
6,6,6,10,11,11,13,16;0,0,0,1,1,2,3,1;0.1,1.6,5.0,1.3,2.5,4.1,6.4,3.3;0
6,6,6,10,11,11,13,21;0,0,0,1,3,3,2,2;0.1,5.0,6.5,4.5,1.3,3.2,1.6,2.5;0
6,6,6,10,11,11,13,26;0,0,0,0,3,3,3,0;0.1,1.6,5.0,4.3,1.3,3.2,6.4,2.5;0
6,6,6,10,11,11,13,27;0,0,0,1,2,1,2,3;0.1,5.0,6.5,1.3,4.1,4.4,1.6,2.5;0
6,6,6,10,11,11,13,29;0,0,0,1,3,1,0,2;0.1,1.6,6.5,4.5,1.3,3.2,4.1,2.5;0
6,6,6,11,11,11,11,39;0,0,0,0,1,2,1,1;1.6,5.0,6.5,2.3,2.5,4.1,4.4,0.1;0
6,6,6,11,11,11,12,13;0,0,0,2,2,1,3,0;0.1,5.0,6.5,3.4,4.1,4.4,1.6,1.3;0
6,6,6,11,11,11,12,25;0,0,0,3,2,1,3,0;0.1,5.0,6.5,3.2,3.4,4.4,1.6,1.3;0
6,6,6,11,11,11,12,26;0,0,0,3,2,1,3,0;0.1,5.0,6.5,1.3,3.4,4.4,1.6,3.2;0
6,6,6,11,11,11,12,27;0,0,0,1,2,1,2,0;1.6,5.0,6.5,2.5,4.1,4.4,0.1,1.3;0
6,6,6,11,11,11,12,29;0,0,0,3,3,2,3,3;0.1,5.0,6.5,1.3,3.2,3.4,1.6,4.3;0
6,6,6,11,11,11,13,13;0,0,0,3,2,1,0,2;0.1,5.0,6.5,2.5,4.1,4.4,1.3,1.6;0
6,6,6,11,11,11,13,24;0,0,0,3,3,3,3,0;0.1,1.6,5.0,1.3,3.2,3.4,6.4,2.5;0
6,6,6,11,11,11,13,25;0,0,0,3,1,1,0,2;0.1,1.6,6.5,1.3,2.5,3.2,4.1,3.4;0
6,6,6,11,11,11,13,26;0,0,0,3,3,1,2,0;0.1,5.0,6.5,1.3,2.5,4.4,1.6,3.2;0
6,6,6,11,11,11,13,29;0,0,0,3,3,3,2,3;0.1,5.0,6.5,1.3,2.5,3.2,1.6,4.3;0
6,6,6,13,18,36,39;0,0,0,0,2,3,0;0.1,1.6,6.5,1.3,4.2,2.5,4.1;0
6,6,6,22,23,36,39;0,0,0,0,0,3,0;0.1,1.6,6.5,3.3,1.3,2.5,4.1;0
6,6,6,23,23,39,39;0,0,0,0,2,2,0;0.1,3.3,6.5,1.3,3.5,1.6,4.1;1
6,6,6,23,29,36,39;0,0,0,0,3,0,0;0.1,1.6,6.5,1.3,4.3,2.5,4.1;0
6,6,6,24,25,33,39;0,0,0,0,0,1,0;0.1,1.6,6.5,2.5,3.4,1.3,4.1;0
6,6,6,26,29,33,39;0,0,0,0,3,1,0;0.1,1.6,6.5,2.5,4.3,1.3,4.1;0
6,6,7,7,8,8,12,12;0,0,3,1,0,2,3,1;0.1,6.5,2.2,3.5,1.3,4.3,1.6,5.0;1
6,6,7,7,11,11,12,12;0,0,3,1,0,2,2,0;1.6,5.0,1.3,4.4,2.5,4.1,0.1,5.5;1
6,6,7,8,8,11,12,12;0,0,1,0,2,3,2,3;5.0,6.5,3.5,1.3,4.3,3.2,0.1,1.6;0
6,6,7,8,10,11,12,12;0,0,3,1,1,2,2,3;5.0,6.5,1.3,3.4,4.5,4.1,0.1,1.6;0
6,6,7,8,10,11,12,13;0,0,1,2,1,2,3,3;0.1,5.0,3.5,3.3,1.3,4.1,1.6,6.4;0
6,6,7,8,11,11,12,13;0,0,3,0,1,2,2,3;1.6,5.0,1.3,3.4,2.5,4.1,0.1,6.4;0
6,6,7,10,10,11,12,13;0,0,3,1,1,2,2,2;5.0,6.5,1.3,2.5,4.5,4.1,0.1,1.6;0
6,6,7,10,36,39,39;0,0,2,1,0,0,3;0.1,1.6,4.2,1.3,2.5,4.1,5.5;0
6,6,7,11,11,11,12,12;0,0,3,2,2,1,2,3;5.0,6.5,1.3,3.4,4.1,4.4,0.1,1.6;0
6,6,7,11,11,11,12,13;0,0,3,3,2,1,2,2;5.0,6.5,1.3,2.5,4.1,4.4,0.1,1.6;0
6,6,7,12,18,36,39;0,0,3,2,2,3,0;1.6,6.5,1.3,0.1,4.2,2.5,4.1;0
6,6,7,12,25,33,39;0,0,3,1,2,1,2;0.1,6.5,2.2,5.0,1.3,3.5,1.6;0
6,6,7,13,13,36,39;0,0,0,1,3,1,2;4.4,5.0,2.3,0.1,6.4,2.2,1.6;0
6,6,7,13,22,36,39;0,0,3,3,2,1,2;0.1,5.0,3.5,6.4,1.3,2.2,1.6;0
6,6,7,13,23,39,39;0,0,3,3,0,2,0;0.1,3.3,3.5,6.4,1.3,1.6,4.1;0
6,6,7,13,26,39,39;0,0,0,3,0,1,2;4.4,5.0,2.3,6.4,3.2,0.1,1.6;0
6,6,7,13,29,36,39;0,0,3,3,1,2,2;0.1,5.0,3.5,6.4,1.3,3.2,1.6;0
6,6,7,23,29,39,39;0,0,0,2,1,2,0;0.1,6.5,3.2,3.5,1.3,1.6,4.1;0
6,6,8,8,10,10,12,12;0,0,3,1,1,1,3,1;0.1,6.5,3.3,3.4,1.3,4.5,1.6,5.0;1
6,6,8,8,10,10,13,13;0,0,3,1,1,1,2,0;0.1,6.5,2.5,4.2,1.3,4.5,1.6,4.1;1
6,6,8,8,10,11,12,13;0,0,2,1,1,3,3,1;5.0,6.5,2.2,3.4,4.5,3.2,1.6,0.1;0
6,6,8,8,11,11,12,12;0,0,0,2,1,3,2,0;1.6,5.0,1.3,4.3,2.5,3.2,0.1,5.5;1
6,6,8,8,11,11,13,13;0,0,2,0,1,3,1,3;1.6,5.0,2.2,3.4,2.5,3.2,0.1,6.4;1
6,6,8,8,33,39,39;0,0,0,0,1,2,0;0.1,6.5,1.3,2.2,3.5,1.6,4.1;0
6,6,8,10,10,10,12,13;0,0,3,1,1,1,1,2;0.1,6.5,3.3,1.3,2.5,4.5,5.0,1.6;0
6,6,8,10,10,11,13,13;0,0,2,1,1,3,1,2;5.0,6.5,2.2,2.5,4.5,3.2,0.1,1.6;0
6,6,8,10,11,11,12,12;0,0,3,1,2,1,3,1;0.1,6.5,3.3,1.3,3.4,4.4,1.6,5.0;0
6,6,8,10,11,11,12,13;0,0,1,1,3,1,3,0;0.1,6.5,3.4,4.5,1.3,3.2,1.6,4.1;0
6,6,8,10,36,39,39;0,0,2,1,3,1,0;1.6,6.5,4.3,2.3,2.5,0.1,4.1;0
6,6,8,11,11,11,12,12;0,0,2,3,3,2,3,0;0.1,5.0,4.3,1.3,3.2,3.4,1.6,5.5;0
6,6,8,11,11,11,12,13;0,0,2,3,2,1,3,1;5.0,6.5,2.2,3.2,3.4,4.4,1.6,0.1;0
6,6,8,11,11,11,13,13;0,0,0,3,1,1,0,3;0.1,1.6,3.4,1.3,2.5,3.2,4.1,6.4;0
6,6,8,12,21,36,39;0,0,0,3,0,1,3;0.1,5.0,1.3,1.6,3.5,2.2,5.5;0
6,6,8,12,23,36,39;0,0,0,0,0,1,2;0.1,5.0,1.3,5.5,3.5,2.2,1.6;0
6,6,8,12,26,33,39;0,0,0,2,0,1,2;5.0,6.5,1.3,0.1,3.2,3.5,1.6;0
6,6,8,12,27,33,39;0,0,0,1,0,1,2;0.1,6.5,1.3,5.0,2.2,3.5,1.6;0
6,6,8,13,13,36,39;0,0,0,0,3,1,2;0.1,5.0,1.3,3.5,6.4,2.2,1.6;0
6,6,8,13,18,39,39;0,0,0,3,0,2,0;0.1,4.4,2.2,6.4,1.3,1.6,4.1;0
6,6,8,13,23,36,39;0,0,0,2,2,1,3;0.1,5.0,1.3,1.6,2.5,2.2,5.5;0
6,6,8,13,23,39,39;0,0,1,3,0,2,0;0.1,4.4,3.3,6.4,1.3,1.6,4.1;0
6,6,8,13,25,33,39;0,0,0,0,2,1,2;0.1,6.5,1.3,4.1,2.2,3.5,1.6;0
6,6,8,18,23,39,39;0,0,0,0,2,2,0;0.1,6.5,1.3,2.2,3.5,1.6,4.1;0
6,6,8,22,23,39,39;0,0,0,2,2,2,0;0.1,6.5,2.2,1.3,3.5,1.6,4.1;0
6,6,8,24,29,39,39;0,0,0,2,0,2,3;0.1,5.0,1.3,2.2,3.5,1.6,5.5;0
6,6,9,10,33,39,39;0,0,0,1,1,2,0;0.1,6.5,3.3,1.3,3.5,1.6,4.1;0
6,6,9,13,23,36,39;0,0,1,1,2,1,2;5.0,6.5,2.3,0.1,3.5,2.2,1.6;0
6,6,9,23,26,39,39;0,0,1,2,0,1,2;5.0,6.5,2.3,3.5,3.2,0.1,1.6;0
6,6,10,10,10,10,13,13;0,0,1,1,1,1,2,0;0.1,6.5,1.3,2.5,3.3,4.5,1.6,4.1;1
6,6,10,10,11,11,12,13;0,0,1,1,2,1,3,0;0.1,6.5,1.3,3.3,3.4,4.4,1.6,4.1;0
6,6,10,10,11,11,13,13;0,0,1,1,3,1,2,0;0.1,6.5,2.5,4.5,1.3,3.2,1.6,4.1;0
6,6,10,10,34,39,39;0,0,1,1,0,2,0;0.1,6.5,1.3,4.5,3.3,1.6,4.1;1
6,6,10,11,11,11,12,13;0,0,0,3,3,2,3,3;0.1,5.0,4.3,1.3,3.2,3.4,1.6,6.4;0
6,6,10,11,11,11,13,13;0,0,0,3,3,3,2,3;0.1,5.0,4.3,1.3,2.5,3.2,1.6,6.4;0
6,6,10,12,18,36,39;0,0,1,0,2,0,0;0.1,1.6,1.3,5.5,4.2,2.5,4.1;0
6,6,10,12,20,36,39;0,0,1,1,3,0,3;0.1,1.6,1.3,5.0,4.1,2.5,5.5;0
6,6,10,12,22,33,39;0,0,1,1,1,1,2;0.1,6.5,1.3,5.0,3.3,3.5,1.6;0
6,6,10,12,23,39,39;0,0,1,3,2,2,0;0.1,6.5,1.3,3.3,3.5,1.6,4.1;0
6,6,10,12,29,31,39;0,0,1,3,0,1,3;0.1,5.0,1.3,1.6,3.3,3.4,5.5;0
6,6,10,13,13,35,36;0,0,1,0,3,0,3;0.1,1.6,1.3,4.1,6.4,3.3,2.5;0
6,6,10,13,15,36,39;0,0,1,0,0,0,3;0.1,1.6,1.3,4.1,4.2,2.5,5.5;0
6,6,10,13,21,33,39;0,0,1,0,0,1,2;0.1,6.5,1.3,4.1,3.3,3.5,1.6;0
6,6,10,13,22,39,39;0,0,1,3,3,2,0;0.1,4.4,1.3,6.4,3.3,1.6,4.1;0
6,6,10,13,23,36,39;0,0,0,1,2,2,2;5.0,6.5,2.2,0.1,3.5,3.2,1.6;0
6,6,10,13,26,33,39;0,0,0,1,0,1,2;5.0,6.5,2.2,0.1,3.2,3.5,1.6;0
6,6,10,13,26,35,39;0,0,1,0,0,0,3;0.1,1.6,1.3,4.1,2.5,3.3,5.5;0
6,6,10,13,28,36,39;0,0,1,3,2,3,0;0.1,1.6,1.3,6.4,3.3,2.5,4.1;0
6,6,10,13,29,30,39;0,0,1,3,0,0,2;0.1,5.0,1.3,6.4,3.3,3.4,1.6;0
6,6,10,13,29,33,39;0,0,1,2,0,1,3;0.1,5.0,1.3,1.6,3.3,2.5,5.5;0
6,6,10,13,29,39,39;0,0,1,2,0,2,3;0.1,5.0,1.3,3.4,3.3,1.6,5.5;0
6,6,10,18,18,39,39;0,0,1,2,2,2,0;0.1,6.5,1.3,3.3,4.2,1.6,4.1;0
6,6,10,24,25,39,39;0,0,1,1,1,0,3;0.1,1.6,1.3,4.2,2.5,4.1,5.5;0
6,6,10,26,28,39,39;0,0,1,0,2,0,3;0.1,1.6,1.3,2.5,3.3,4.1,5.5;0
6,6,10,26,29,39,39;0,0,1,0,3,1,0;1.6,6.5,2.3,2.5,4.3,0.1,4.1;0
6,6,11,11,11,11,12,12;0,0,3,0,2,1,3,1;0.1,6.5,1.3,3.2,3.4,4.4,1.6,5.0;1
6,6,11,11,11,11,12,13;0,0,3,1,2,1,3,0;0.1,6.5,1.3,3.2,3.4,4.4,1.6,4.1;0
6,6,11,11,11,11,13,13;0,0,3,3,1,1,2,0;0.1,6.5,1.3,2.5,3.2,4.4,1.6,4.1;1
6,6,11,11,33,39,39;0,0,0,2,1,1,2;5.0,6.5,2.3,4.1,3.5,0.1,1.6;0
6,6,11,11,34,39,39;0,0,1,3,1,1,3;1.6,5.0,2.5,3.2,2.3,0.1,5.5;1
6,6,11,11,39,39,39;0,0,3,3,2,2,3;0.1,5.0,1.3,3.2,1.6,3.4,5.5;0
6,6,11,12,13,31,39;0,0,2,3,0,1,3;0.1,5.0,4.1,1.6,1.3,3.4,5.5;0
6,6,11,12,23,39,39;0,0,3,0,2,1,2;5.0,6.5,3.2,2.3,3.5,0.1,1.6;0
6,6,11,12,25,31,39;0,0,3,3,0,1,3;0.1,5.0,3.2,1.6,1.3,3.4,5.5;0
6,6,11,12,25,33,39;0,0,3,2,2,1,2;5.0,6.5,3.2,0.1,1.3,3.5,1.6;0
6,6,11,12,26,31,39;0,0,3,3,0,1,3;0.1,5.0,1.3,1.6,3.2,3.4,5.5;0
6,6,11,12,27,33,39;0,0,2,2,0,1,2;5.0,6.5,4.1,0.1,1.3,3.5,1.6;0
6,6,11,12,29,33,39;0,0,2,3,3,1,0;0.1,6.5,3.4,1.6,4.3,1.3,4.1;0
6,6,11,13,13,30,39;0,0,2,0,3,0,2;0.1,5.0,4.1,1.3,6.4,3.4,1.6;0
6,6,11,13,13,33,39;0,0,2,0,2,1,3;0.1,5.0,4.1,1.3,1.6,2.5,5.5;0
6,6,11,13,13,39,39;0,0,2,0,2,2,3;0.1,5.0,4.1,1.3,3.4,1.6,5.5;0
6,6,11,13,15,36,39;0,0,3,3,1,2,2;0.1,5.0,1.3,6.4,3.4,3.2,1.6;0
6,6,11,13,17,36,39;0,0,3,3,2,3,0;0.1,1.6,1.3,6.4,3.2,2.5,4.1;0
6,6,11,13,22,36,39;0,0,3,3,2,3,1;1.6,5.0,3.2,6.4,2.3,2.5,0.1;0
6,6,11,13,24,33,39;0,0,3,3,0,1,0;0.1,1.6,3.4,6.4,2.5,1.3,4.1;0
6,6,11,13,24,34,39;0,0,3,3,0,1,1;1.6,5.0,3.2,6.4,2.5,2.3,0.1;0
6,6,11,13,24,39,39;0,0,2,3,3,1,2;4.4,5.0,4.1,6.4,2.3,0.1,1.6;0
6,6,11,13,25,30,39;0,0,3,3,0,0,2;0.1,5.0,3.2,6.4,1.3,3.4,1.6;0
6,6,11,13,25,33,39;0,0,3,2,0,1,3;0.1,5.0,3.2,1.6,1.3,2.5,5.5;0
6,6,11,13,25,39,39;0,0,3,2,0,2,3;0.1,5.0,3.2,3.4,1.3,1.6,5.5;0
6,6,11,13,26,30,39;0,0,3,3,0,0,2;0.1,5.0,1.3,6.4,3.2,3.4,1.6;0
6,6,11,13,26,33,39;0,0,3,2,0,1,3;0.1,5.0,1.3,1.6,3.2,2.5,5.5;0
6,6,11,13,26,39,39;0,0,3,2,0,2,3;0.1,5.0,1.3,3.4,3.2,1.6,5.5;0
6,6,11,13,27,39,39;0,0,3,3,1,1,2;4.4,5.0,3.2,6.4,2.3,0.1,1.6;0
6,6,11,13,29,33,39;0,0,3,2,3,1,0;0.1,6.5,2.5,1.6,4.3,1.3,4.1;0
6,6,11,15,23,39,39;0,0,3,2,2,2,0;0.1,6.5,1.3,3.2,3.5,1.6,4.1;0
6,6,11,17,26,39,39;0,0,3,2,0,0,3;0.1,1.6,1.3,3.2,2.5,4.1,5.5;0
6,6,11,17,29,39,39;0,0,3,2,3,1,2;5.0,6.5,3.2,2.3,4.3,0.1,1.6;0
6,6,11,18,24,39,39;0,0,2,0,2,2,3;0.1,5.0,4.3,1.3,2.2,1.6,5.5;0
6,6,11,22,26,39,39;0,0,3,2,0,1,3;1.6,5.0,3.2,2.3,2.5,0.1,5.5;0
6,6,11,23,25,39,39;0,0,2,0,1,0,3;0.1,1.6,4.3,1.3,2.5,4.1,5.5;0
6,6,11,23,28,39,39;0,0,2,2,2,1,2;5.0,6.5,4.1,3.5,2.3,0.1,1.6;0
6,6,11,29,29,39,39;0,0,3,1,0,2,3;0.1,5.0,3.2,1.3,3.5,1.6,5.5;0
6,6,12,13,13,20,36;0,0,1,0,3,3,3;0.1,1.6,5.0,1.3,6.4,4.1,2.5;0
6,6,12,13,17,22,36;0,0,3,3,1,2,1;0.1,5.0,1.6,6.4,3.5,1.3,2.2;0
6,6,12,13,17,23,39;0,0,3,3,1,0,0;0.1,3.3,1.6,6.4,3.5,1.3,4.1;0
6,6,12,13,17,29,36;0,0,3,3,1,1,2;0.1,5.0,1.6,6.4,3.5,1.3,3.2;0
6,6,12,13,18,26,39;0,0,0,0,2,0,0;0.1,1.6,5.5,1.3,4.2,2.5,4.1;0
6,6,12,13,18,27,39;0,0,1,3,0,0,2;0.1,4.4,5.0,6.4,1.3,2.2,1.6;0
6,6,12,13,19,23,39;0,0,3,3,1,0,0;0.1,4.4,1.6,6.4,3.3,1.3,4.1;0
6,6,12,13,20,26,39;0,0,1,0,3,0,3;0.1,1.6,5.0,1.3,4.1,2.5,5.5;0
6,6,12,13,23,24,39;0,0,2,3,0,0,0;0.1,1.6,3.3,6.4,1.3,2.5,4.1;0
6,6,12,18,24,27,39;0,0,0,0,2,2,2;0.1,5.0,5.5,1.3,2.2,4.3,1.6;0
6,6,12,21,24,25,39;0,0,3,0,2,2,3;0.1,5.0,1.6,3.5,2.2,1.3,5.5;0
6,6,12,21,26,29,39;0,0,3,0,0,1,3;0.1,5.0,1.6,3.5,3.2,1.3,5.5;0
6,6,12,22,23,26,39;0,0,0,0,0,0,0;0.1,1.6,5.5,3.3,1.3,2.5,4.1;0
6,6,12,22,23,27,39;0,0,3,0,0,2,0;0.1,6.5,1.6,3.3,1.3,3.4,4.1;0
6,6,12,23,24,25,39;0,0,0,0,2,2,2;0.1,5.0,5.5,3.5,2.2,1.3,1.6;0
6,6,12,23,24,29,39;0,0,3,0,1,3,0;0.1,6.5,1.6,1.3,3.3,4.3,4.1;0
6,6,12,23,25,27,39;0,0,0,0,1,2,0;0.1,1.6,5.5,1.3,2.5,4.3,4.1;0
6,6,12,23,26,29,39;0,0,0,0,0,1,2;0.1,5.0,5.5,3.5,3.2,1.3,1.6;0
6,6,13,13,13,15,36;0,0,0,0,3,0,3;0.1,1.6,1.3,4.1,6.4,4.2,2.5;0
6,6,13,13,15,25,39;0,0,0,3,1,3,2;0.1,5.0,1.3,6.4,3.4,4.1,1.6;0
6,6,13,13,15,26,39;0,0,0,0,0,0,3;0.1,1.6,1.3,4.1,4.2,2.5,5.5;0
6,6,13,13,16,23,39;0,0,2,3,2,0,0;0.1,4.4,1.6,6.4,2.5,1.3,4.1;0
6,6,13,13,18,24,39;0,0,3,3,0,2,2;0.1,5.0,4.3,6.4,1.3,2.2,1.6;0
6,6,13,13,18,25,39;0,0,0,3,0,2,2;0.1,4.4,4.1,6.4,1.3,2.2,1.6;0
6,6,13,13,20,22,36;0,0,2,3,0,2,1;0.1,5.0,1.6,6.4,2.5,1.3,2.2;0
6,6,13,13,20,23,39;0,0,2,3,0,0,0;0.1,3.3,1.6,6.4,2.5,1.3,4.1;0
6,6,13,13,20,29,36;0,0,2,3,0,1,2;0.1,5.0,1.6,6.4,2.5,1.3,3.2;0
6,6,13,13,22,24,36;0,0,1,3,0,0,1;1.6,5.0,0.1,6.4,2.3,2.5,2.2;0
6,6,13,13,23,25,39;0,0,3,3,0,1,0;0.1,1.6,4.3,6.4,1.3,2.5,4.1;0
6,6,13,13,23,26,39;0,0,0,3,1,0,0;0.1,1.6,1.3,6.4,4.2,2.5,4.1;0
6,6,13,13,24,24,34;0,0,1,3,2,0,1;1.6,5.0,0.1,6.4,2.2,2.5,2.3;1
6,6,13,13,24,25,39;0,0,0,3,2,2,2;0.1,5.0,3.5,6.4,2.2,1.3,1.6;0
6,6,13,13,24,27,39;0,0,0,3,0,3,0;0.1,1.6,1.3,6.4,2.5,3.4,4.1;0
6,6,13,13,26,29,39;0,0,0,3,0,1,2;0.1,5.0,3.5,6.4,3.2,1.3,1.6;0
6,6,13,15,19,24,39;0,0,3,1,0,2,2;0.1,5.0,6.4,3.4,1.3,2.2,1.6;0
6,6,13,17,24,29,39;0,0,3,2,0,1,0;0.1,1.6,6.4,3.2,2.5,1.3,4.1;0
6,6,13,21,23,26,39;0,0,3,3,0,0,0;0.1,1.6,6.4,3.3,1.3,2.5,4.1;0
6,6,13,22,23,25,39;0,0,2,0,0,0,0;0.1,6.5,1.6,3.3,1.3,2.5,4.1;0
6,6,13,22,24,26,39;0,0,3,0,0,0,1;1.6,5.0,6.4,2.3,2.5,3.2,0.1;0
6,6,13,23,24,25,39;0,0,2,2,2,2,3;0.1,5.0,1.6,2.5,2.2,1.3,5.5;0
6,6,13,23,26,29,39;0,0,2,2,0,1,3;0.1,5.0,1.6,2.5,3.2,1.3,5.5;0
6,6,13,23,27,29,39;0,0,2,0,3,3,0;0.1,6.5,1.6,1.3,2.5,4.3,4.1;0
6,7,7,10,39,39,39;0,2,2,1,2,0,3;0.1,3.3,4.2,1.3,1.6,4.1,5.5;0
6,7,7,12,13,36,39;0,3,2,2,3,3,0;1.6,1.3,4.2,0.1,6.4,2.5,4.1;0
6,7,7,12,26,39,39;0,3,2,2,0,0,3;1.6,1.3,4.2,0.1,2.5,4.1,5.5;0
6,7,7,13,13,39,39;0,1,3,1,3,2,0;3.3,2.2,3.5,0.1,6.4,1.6,4.1;1
6,7,7,13,29,39,39;0,0,3,3,1,2,0;0.1,3.2,3.5,6.4,1.3,1.6,4.1;0
6,7,8,12,13,36,39;0,3,0,2,3,2,2;5.0,3.5,1.3,0.1,6.4,3.2,1.6;0
6,7,8,12,18,39,39;0,1,0,0,0,2,0;0.1,4.4,2.2,5.5,1.3,1.6,4.1;0
6,7,8,12,23,39,39;0,0,0,2,2,2,0;6.5,3.2,1.3,0.1,3.5,1.6,4.1;0
6,7,8,12,29,39,39;0,3,0,1,0,2,3;0.1,2.2,1.3,5.0,3.5,1.6,5.5;0
6,7,8,13,13,39,39;0,0,0,1,3,2,0;4.4,2.3,2.2,0.1,6.4,1.6,4.1;0
6,7,8,13,18,39,39;0,3,0,3,0,2,0;0.1,3.5,1.3,6.4,2.2,1.6,4.1;0
6,7,8,13,22,39,39;0,3,0,3,2,2,0;0.1,3.5,2.2,6.4,1.3,1.6,4.1;0
6,7,9,13,13,36,39;0,3,1,1,3,1,2;5.0,3.5,2.3,0.1,6.4,2.2,1.6;0
6,7,9,13,26,39,39;0,3,1,3,0,1,2;5.0,3.5,2.3,6.4,3.2,0.1,1.6;0
6,7,10,12,13,39,39;0,3,1,3,3,2,0;0.1,3.5,1.3,3.3,6.4,1.6,4.1;0
6,7,10,12,18,39,39;0,2,1,0,2,2,0;0.1,3.3,1.3,5.5,4.2,1.6,4.1;0
6,7,10,12,20,39,39;0,2,1,1,3,2,3;0.1,3.3,1.3,5.0,4.1,1.6,5.5;0
6,7,10,12,22,39,39;0,1,1,0,3,2,0;0.1,4.4,1.3,5.5,3.3,1.6,4.1;0
6,7,10,12,24,39,39;0,2,1,3,1,0,3;0.1,4.2,1.3,1.6,3.3,4.1,5.5;0
6,7,10,12,25,39,39;0,1,1,3,0,1,0;6.5,3.5,2.3,1.6,3.4,0.1,4.1;0
6,7,10,13,13,36,39;0,3,0,1,3,2,2;5.0,3.5,2.2,0.1,6.4,3.2,1.6;0
6,7,10,13,15,39,39;0,2,1,0,0,2,3;0.1,3.3,1.3,4.1,4.2,1.6,5.5;0
6,7,10,13,18,39,39;0,2,1,3,2,2,0;0.1,4.2,1.3,6.4,3.3,1.6,4.1;0
6,7,10,13,23,39,39;0,0,0,1,2,2,0;6.5,3.2,2.2,0.1,3.5,1.6,4.1;0
6,7,10,13,27,39,39;0,2,1,2,3,0,3;0.1,4.2,1.3,1.6,2.5,4.1,5.5;0
6,7,11,11,39,39,39;0,0,3,2,1,2,3;5.0,2.3,3.2,4.3,0.1,1.6,5.5;0
6,7,11,12,12,31,39;0,3,2,2,3,1,3;5.0,1.3,4.1,0.1,1.6,3.4,5.5;0
6,7,11,12,13,30,39;0,3,2,2,3,0,2;5.0,1.3,4.1,0.1,6.4,3.4,1.6;0
6,7,11,12,13,33,39;0,3,2,2,2,1,3;5.0,1.3,4.1,0.1,1.6,2.5,5.5;0
6,7,11,12,13,34,39;0,1,3,3,3,1,1;5.0,3.5,3.2,1.6,6.4,2.3,0.1;0
6,7,11,12,13,39,39;0,3,2,2,2,2,3;5.0,1.3,4.1,0.1,3.4,1.6,5.5;0
6,7,11,12,18,39,39;0,3,2,1,0,2,3;0.1,2.2,4.3,5.0,1.3,1.6,5.5;0
6,7,11,12,24,39,39;0,1,2,0,3,1,2;5.0,4.4,4.1,5.5,2.3,0.1,1.6;0
6,7,11,12,27,39,39;0,0,3,0,2,1,2;5.0,2.3,3.2,5.5,4.3,0.1,1.6;0
6,7,11,13,13,39,39;0,2,3,0,2,0,3;0.1,4.2,2.5,1.3,1.6,4.1,5.5;0
6,7,11,13,15,39,39;0,3,3,3,2,2,0;0.1,3.5,1.3,6.4,3.2,1.6,4.1;0
6,7,11,13,24,39,39;0,0,2,1,2,2,3;5.0,2.3,4.3,0.1,2.2,1.6,5.5;0
6,7,11,13,25,39,39;0,1,2,1,1,0,3;1.6,2.2,4.3,0.1,2.5,4.1,5.5;0
6,7,11,13,28,39,39;0,3,2,3,2,1,2;5.0,3.5,4.1,6.4,2.3,0.1,1.6;0
6,7,12,12,13,20,36;0,3,2,1,3,3,3;1.6,1.3,0.1,5.0,6.4,4.1,2.5;0
6,7,12,12,13,23,39;0,3,0,1,1,2,2;6.5,2.2,2.3,5.0,0.1,3.5,1.6;0
6,7,12,12,18,26,39;0,3,2,0,2,0,0;1.6,1.3,0.1,5.5,4.2,2.5,4.1;0
6,7,12,12,18,27,39;0,3,2,3,2,2,0;6.5,1.3,0.1,1.6,4.2,3.4,4.1;0
6,7,12,12,19,23,39;0,3,2,1,3,2,2;6.5,1.3,0.1,5.0,3.4,3.5,1.6;0
6,7,12,12,20,26,39;0,3,2,1,3,0,3;1.6,1.3,0.1,5.0,4.1,2.5,5.5;0
6,7,12,12,21,25,39;0,3,3,1,0,2,3;0.1,2.2,1.6,5.0,3.5,1.3,5.5;0
6,7,12,12,23,25,39;0,3,1,0,0,2,2;0.1,2.2,5.0,5.5,3.5,1.3,1.6;0
6,7,12,13,13,15,36;0,3,2,0,3,0,3;1.6,1.3,0.1,4.1,6.4,4.2,2.5;0
6,7,12,13,13,17,39;0,3,1,1,3,1,2;3.3,3.5,5.0,0.1,6.4,2.2,1.6;0
6,7,12,13,13,18,39;0,3,1,3,3,0,2;0.1,2.2,5.0,4.3,6.4,1.3,1.6;0
6,7,12,13,13,19,39;0,3,1,0,3,3,2;0.1,3.5,5.0,1.3,6.4,3.4,1.6;0
6,7,12,13,13,22,36;0,3,1,1,3,2,3;1.6,2.2,5.0,0.1,6.4,2.3,2.5;0
6,7,12,13,13,24,34;0,3,1,1,3,0,1;1.6,2.2,5.0,0.1,6.4,2.5,2.3;0
6,7,12,13,13,24,39;0,3,0,1,3,2,2;5.0,3.5,2.3,0.1,6.4,2.2,1.6;0
6,7,12,13,13,25,39;0,3,1,0,3,2,2;0.1,2.2,5.0,3.5,6.4,1.3,1.6;0
6,7,12,13,13,27,39;0,3,1,1,3,1,2;4.4,2.2,5.0,0.1,6.4,2.3,1.6;0
6,7,12,13,15,19,39;0,3,1,3,1,0,2;0.1,2.2,5.0,6.4,3.4,1.3,1.6;0
6,7,12,13,15,25,39;0,3,2,3,1,3,2;5.0,1.3,0.1,6.4,3.4,4.1,1.6;0
6,7,12,13,15,26,39;0,3,2,0,0,0,3;1.6,1.3,0.1,4.1,4.2,2.5,5.5;0
6,7,12,13,16,23,39;0,3,2,0,2,2,2;6.5,1.3,0.1,4.1,3.4,3.5,1.6;0
6,7,12,13,17,29,39;0,3,1,1,2,3,2;6.5,2.2,5.0,0.1,2.3,4.3,1.6;0
6,7,12,13,18,25,39;0,3,2,2,2,0,0;6.5,1.3,0.1,1.6,4.2,2.5,4.1;0
6,7,12,13,22,26,39;0,3,1,1,2,0,3;1.6,2.2,5.0,0.1,2.3,2.5,5.5;0
6,7,12,13,22,27,39;0,3,1,3,2,0,2;0.1,3.5,5.0,6.4,1.3,2.2,1.6;0
6,7,12,13,23,25,39;0,3,1,2,2,2,3;0.1,2.2,5.0,1.6,2.5,1.3,5.5;0
6,7,12,13,23,26,39;0,3,2,3,1,0,0;1.6,1.3,0.1,6.4,4.2,2.5,4.1;0
6,7,12,13,24,27,39;0,3,2,3,0,3,0;1.6,1.3,0.1,6.4,2.5,3.4,4.1;0
6,7,12,13,24,29,39;0,3,1,3,3,1,2;0.1,3.5,5.0,6.4,3.2,1.3,1.6;0
6,7,12,13,25,27,39;0,3,2,3,3,0,2;5.0,3.5,0.1,6.4,4.1,1.3,1.6;0
6,7,13,13,13,16,39;0,3,0,0,3,2,2;0.1,3.5,1.3,4.1,6.4,3.4,1.6;0
6,7,13,13,13,20,39;0,3,1,0,3,2,2;3.3,3.5,0.1,4.1,6.4,2.2,1.6;0
6,7,13,13,13,24,39;0,0,1,3,3,2,2;5.0,2.3,0.1,4.3,6.4,2.2,1.6;0
6,7,13,13,13,25,39;0,3,1,1,3,3,2;5.0,3.5,0.1,2.2,6.4,4.1,1.6;0
6,7,13,13,20,29,39;0,0,2,3,0,1,0;0.1,3.2,1.6,6.4,2.5,1.3,4.1;0
6,7,13,13,21,26,39;0,3,1,3,1,0,2;5.0,3.5,0.1,6.4,2.2,3.2,1.6;0
6,7,13,13,22,25,39;0,3,0,3,2,2,2;0.1,3.5,4.1,6.4,1.3,2.2,1.6;0
6,7,13,13,27,29,39;0,3,0,3,1,1,2;0.1,3.5,4.1,6.4,3.2,1.3,1.6;0
6,8,8,10,39,39,39;0,2,2,1,1,2,0;6.5,3.4,4.3,2.3,0.1,1.6,4.1;0
6,8,8,12,21,39,39;0,0,0,3,0,0,3;0.1,1.3,2.2,1.6,3.5,4.1,5.5;0
6,8,8,12,23,39,39;0,0,0,0,0,2,0;0.1,1.3,2.2,5.5,3.5,1.6,4.1;0
6,8,8,13,13,39,39;0,0,0,0,3,2,0;0.1,1.3,2.2,3.5,6.4,1.6,4.1;0
6,8,8,13,23,39,39;0,0,0,2,2,0,3;0.1,1.3,2.2,1.6,2.5,4.1,5.5;0
6,8,9,13,23,39,39;0,0,1,1,2,2,0;6.5,2.2,2.3,0.1,3.5,1.6,4.1;0
6,8,10,12,12,31,39;0,3,1,3,1,1,3;0.1,3.3,1.3,1.6,5.0,3.4,5.5;0
6,8,10,12,13,30,39;0,3,1,1,3,0,2;0.1,3.3,1.3,5.0,6.4,3.4,1.6;0
6,8,10,12,13,33,39;0,3,1,1,2,1,3;0.1,3.3,1.3,5.0,1.6,2.5,5.5;0
6,8,10,12,13,39,39;0,3,1,1,2,2,3;0.1,3.3,1.3,5.0,3.4,1.6,5.5;0
6,8,10,12,26,39,39;0,2,1,0,0,1,0;1.6,4.3,2.3,5.5,2.5,0.1,4.1;0
6,8,10,12,27,39,39;0,2,1,3,2,1,0;6.5,4.3,2.3,1.6,3.4,0.1,4.1;0
6,8,10,13,13,35,39;0,2,1,0,3,0,2;0.1,3.4,1.3,4.1,6.4,3.3,1.6;0
6,8,10,13,24,39,39;0,3,1,2,1,0,3;0.1,2.5,1.3,1.6,4.2,4.1,5.5;0
6,8,10,13,25,39,39;0,2,1,2,0,1,0;6.5,4.3,2.3,1.6,2.5,0.1,4.1;0
6,8,10,13,28,39,39;0,2,1,3,2,2,0;0.1,3.4,1.3,6.4,3.3,1.6,4.1;0
6,8,11,12,12,33,39;0,2,2,3,0,1,0;0.1,4.3,3.4,1.6,5.5,1.3,4.1;0
6,8,11,12,13,31,39;0,2,3,3,1,1,3;5.0,2.2,3.2,1.6,0.1,3.4,5.5;0
6,8,11,12,13,33,39;0,2,3,0,2,1,0;0.1,4.3,2.5,5.5,1.6,1.3,4.1;0
6,8,11,12,17,39,39;0,2,3,0,2,1,2;5.0,4.3,3.2,5.5,2.3,0.1,1.6;0
6,8,11,12,29,39,39;0,0,3,2,0,2,3;5.0,1.3,3.2,0.1,3.5,1.6,5.5;0
6,8,11,13,13,30,39;0,2,3,1,3,0,2;5.0,2.2,3.2,0.1,6.4,3.4,1.6;0
6,8,11,13,13,33,39;0,2,3,1,2,1,3;5.0,2.2,3.2,0.1,1.6,2.5,5.5;0
6,8,11,13,13,39,39;0,2,3,1,2,2,3;5.0,2.2,3.2,0.1,3.4,1.6,5.5;0
6,8,11,13,15,39,39;0,0,3,3,1,1,2;5.0,2.3,3.2,6.4,3.4,0.1,1.6;0
6,8,11,13,17,39,39;0,2,3,3,2,2,0;0.1,3.4,1.3,6.4,3.2,1.6,4.1;0
6,8,11,13,22,39,39;0,2,3,3,2,1,2;5.0,3.4,3.2,6.4,2.3,0.1,1.6;0
6,8,11,13,23,39,39;0,3,2,2,0,0,3;0.1,2.5,4.3,1.6,1.3,4.1,5.5;0
6,8,12,12,13,17,36;0,0,2,3,3,1,2;5.0,1.3,0.1,1.6,6.4,3.5,3.2;0
6,8,12,12,21,26,39;0,0,2,3,0,0,3;5.0,1.3,0.1,1.6,3.5,3.2,5.5;0
6,8,12,12,21,27,39;0,0,3,1,0,0,3;0.1,1.3,1.6,5.0,3.5,2.2,5.5;0
6,8,12,12,23,24,39;0,0,2,1,2,3,2;6.5,1.3,0.1,5.0,3.5,3.2,1.6;0
6,8,12,12,23,26,39;0,0,2,0,0,0,2;5.0,1.3,0.1,5.5,3.5,3.2,1.6;0
6,8,12,12,23,27,39;0,0,1,0,0,0,2;0.1,1.3,5.0,5.5,3.5,2.2,1.6;0
6,8,12,13,13,17,39;0,1,1,1,3,1,2;4.4,3.3,5.0,0.1,6.4,2.2,1.6;0
6,8,12,13,13,20,36;0,0,2,2,3,0,2;5.0,1.3,0.1,1.6,6.4,2.5,3.2;0
6,8,12,13,13,20,39;0,0,3,1,3,1,0;4.4,2.2,1.6,0.1,6.4,2.3,4.1;0
6,8,12,13,13,26,39;0,0,2,0,3,0,2;5.0,1.3,0.1,3.5,6.4,3.2,1.6;0
6,8,12,13,13,27,39;0,0,1,0,3,0,2;0.1,1.3,5.0,3.5,6.4,2.2,1.6;0
6,8,12,13,17,18,39;0,0,3,3,1,0,0;0.1,1.3,1.6,6.4,3.5,2.2,4.1;0
6,8,12,13,17,22,39;0,0,3,3,1,2,0;0.1,2.2,1.6,6.4,3.5,1.3,4.1;0
6,8,12,13,17,24,39;0,0,2,3,2,0,0;1.6,1.3,0.1,6.4,3.2,2.5,4.1;0
6,8,12,13,21,25,39;0,0,3,0,0,2,3;0.1,1.3,1.6,4.1,3.5,2.2,5.5;0
6,8,12,13,23,25,39;0,0,0,0,0,2,2;0.1,1.3,5.5,4.1,3.5,2.2,1.6;0
6,8,12,13,23,26,39;0,0,2,2,2,0,3;5.0,1.3,0.1,1.6,2.5,3.2,5.5;0
6,8,12,13,23,27,39;0,0,1,2,2,0,3;0.1,1.3,5.0,1.6,2.5,2.2,5.5;0
6,8,13,13,13,15,39;0,0,1,2,3,2,0;4.4,2.2,0.1,1.6,6.4,2.3,4.1;0
6,8,13,13,13,20,39;0,1,1,0,3,2,2;4.4,3.3,0.1,4.1,6.4,2.2,1.6;0
6,8,13,13,13,23,39;0,1,1,1,0,2,2;6.5,4.2,0.1,2.2,4.1,3.5,1.6;0
6,8,13,13,13,25,39;0,0,0,0,3,2,2;0.1,1.3,3.5,4.1,6.4,2.2,1.6;0
6,8,13,13,15,24,39;0,0,1,3,1,2,2;5.0,2.3,0.1,6.4,3.4,2.2,1.6;0
6,8,13,13,18,20,39;0,0,2,3,0,0,0;0.1,1.3,1.6,6.4,2.2,2.5,4.1;0
6,8,13,13,20,22,39;0,0,2,3,0,2,0;0.1,2.2,1.6,6.4,2.5,1.3,4.1;0
6,8,13,13,22,24,39;0,0,1,3,0,0,0;1.6,2.2,0.1,6.4,2.3,2.5,4.1;0
6,8,13,13,23,25,39;0,0,2,0,2,2,3;0.1,1.3,1.6,4.1,2.5,2.2,5.5;0
6,9,10,10,39,39,39;0,0,1,1,2,0,3;0.1,3.3,1.3,3.5,1.6,4.1,5.5;0
6,9,10,12,21,39,39;0,0,1,3,0,0,3;0.1,3.3,1.3,1.6,3.5,4.1,5.5;0
6,9,10,12,23,39,39;0,0,1,0,0,2,0;0.1,3.3,1.3,5.5,3.5,1.6,4.1;0
6,9,10,13,13,39,39;0,0,1,0,3,2,0;0.1,3.3,1.3,3.5,6.4,1.6,4.1;0
6,9,10,13,23,39,39;0,0,1,2,2,0,3;0.1,3.3,1.3,1.6,2.5,4.1,5.5;0
6,9,11,12,23,39,39;0,1,2,3,0,0,3;0.1,3.3,3.4,1.6,1.3,4.1,5.5;0
6,9,11,13,23,39,39;0,1,3,2,0,0,3;0.1,3.3,2.5,1.6,1.3,4.1,5.5;0
6,9,12,13,13,17,36;0,1,3,1,3,1,1;5.0,2.3,1.6,0.1,6.4,3.5,2.2;0
6,9,12,13,17,26,39;0,1,3,3,1,0,1;5.0,2.3,1.6,6.4,3.5,3.2,0.1;0
6,9,12,13,23,27,39;0,1,1,1,2,0,2;6.5,2.3,5.0,0.1,3.5,2.2,1.6;0
6,9,13,13,13,20,36;0,1,1,2,3,0,1;5.0,2.3,0.1,1.6,6.4,2.5,2.2;0
6,9,13,13,20,26,39;0,1,2,3,0,0,1;5.0,2.3,1.6,6.4,2.5,3.2,0.1;0
6,9,13,13,23,25,39;0,1,1,0,2,2,2;6.5,2.3,0.1,4.1,3.5,2.2,1.6;0
6,10,10,12,13,31,39;0,1,1,3,0,1,3;0.1,1.3,3.3,1.6,4.1,3.4,5.5;0
6,10,10,12,22,39,39;0,1,1,1,1,2,3;0.1,1.3,3.5,5.0,3.3,1.6,5.5;0
6,10,10,13,13,30,39;0,1,1,0,3,0,2;0.1,1.3,3.3,4.1,6.4,3.4,1.6;0
6,10,10,13,13,33,39;0,1,1,2,0,1,3;0.1,1.3,3.3,1.6,4.1,2.5,5.5;0
6,10,10,13,13,39,39;0,1,1,2,0,2,3;0.1,1.3,3.3,3.4,4.1,1.6,5.5;0
6,10,10,13,21,39,39;0,1,1,0,0,2,3;0.1,1.3,3.5,4.1,3.3,1.6,5.5;0
6,10,10,13,26,39,39;0,0,1,1,0,2,3;5.0,2.2,3.5,0.1,3.2,1.6,5.5;0
6,10,11,11,39,39,39;0,1,0,2,1,2,3;5.0,3.5,2.3,4.1,0.1,1.6,5.5;0
6,10,11,12,13,33,39;0,0,2,3,3,1,0;0.1,4.3,3.4,1.6,6.4,1.3,4.1;0
6,10,11,12,13,35,39;0,1,2,3,0,0,3;0.1,1.3,3.4,1.6,4.1,3.3,5.5;0
6,10,11,12,25,39,39;0,1,3,2,2,2,3;5.0,3.5,3.2,0.1,1.3,1.6,5.5;0
6,10,11,12,27,39,39;0,1,2,2,0,2,3;5.0,3.5,4.1,0.1,1.3,1.6,5.5;0
6,10,11,12,28,39,39;0,1,2,3,2,0,3;0.1,1.3,3.4,1.6,3.3,4.1,5.5;0
6,10,11,12,29,39,39;0,1,2,3,3,1,0;6.5,2.3,3.4,1.6,4.3,0.1,4.1;0
6,10,11,13,13,33,39;0,0,3,2,3,1,0;0.1,4.3,2.5,1.6,6.4,1.3,4.1;0
6,10,11,13,13,35,39;0,1,3,2,0,0,3;0.1,1.3,2.5,1.6,4.1,3.3,5.5;0
6,10,11,13,13,39,39;0,1,2,1,1,2,3;5.0,3.5,4.1,0.1,2.2,1.6,5.5;0
6,10,11,13,15,39,39;0,1,2,1,3,2,0;6.5,4.5,3.3,0.1,2.2,1.6,4.1;0
6,10,11,13,17,39,39;0,0,3,3,2,1,2;5.0,4.3,3.2,6.4,2.3,0.1,1.6;0
6,10,11,13,24,39,39;0,1,3,3,0,1,0;1.6,2.3,3.4,6.4,2.5,0.1,4.1;0
6,10,11,13,28,39,39;0,1,3,2,2,0,3;0.1,1.3,2.5,1.6,3.3,4.1,5.5;0
6,10,11,13,29,39,39;0,1,3,2,3,1,0;6.5,2.3,2.5,1.6,4.3,0.1,4.1;0
6,10,12,12,13,17,39;0,1,3,3,3,1,0;0.1,1.3,1.6,3.3,6.4,3.5,4.1;0
6,10,12,12,18,24,39;0,1,3,0,2,1,0;0.1,1.3,1.6,5.5,4.2,3.3,4.1;0
6,10,12,12,20,24,39;0,1,3,1,3,1,3;0.1,1.3,1.6,5.0,4.1,3.3,5.5;0
6,10,12,12,21,22,39;0,1,3,1,0,1,3;0.1,1.3,1.6,5.0,3.5,3.3,5.5;0
6,10,12,12,22,23,39;0,1,1,0,1,0,2;0.1,1.3,5.0,5.5,3.3,3.5,1.6;0
6,10,12,13,13,17,36;0,0,3,1,3,1,2;5.0,2.2,1.6,0.1,6.4,3.5,3.2;0
6,10,12,13,13,20,39;0,1,3,2,3,0,0;0.1,1.3,3.3,1.6,6.4,2.5,4.1;0
6,10,12,13,13,22,39;0,1,1,0,3,1,2;0.1,1.3,5.0,3.5,6.4,3.3,1.6;0
6,10,12,13,13,27,35;0,1,3,0,3,2,0;0.1,1.3,1.6,4.1,6.4,3.4,3.3;0
6,10,12,13,15,24,39;0,1,3,0,0,1,3;0.1,1.3,1.6,4.1,4.2,3.3,5.5;0
6,10,12,13,15,25,39;0,1,1,3,1,1,2;0.1,1.3,5.0,6.4,3.4,3.3,1.6;0
6,10,12,13,18,20,39;0,1,1,3,2,3,2;0.1,1.3,5.0,6.4,3.3,4.1,1.6;0
6,10,12,13,18,27,39;0,1,0,2,2,3,0;0.1,1.3,5.5,1.6,4.2,2.5,4.1;0
6,10,12,13,20,27,39;0,1,1,2,3,3,3;0.1,1.3,5.0,1.6,4.1,2.5,5.5;0
6,10,12,13,21,21,39;0,1,3,0,0,0,3;0.1,1.3,1.6,4.1,3.3,3.5,5.5;0
6,10,12,13,21,23,39;0,1,0,0,0,0,2;0.1,1.3,5.5,4.1,3.3,3.5,1.6;0
6,10,12,13,21,26,39;0,0,3,1,0,0,3;5.0,2.2,1.6,0.1,3.5,3.2,5.5;0
6,10,12,13,22,23,39;0,1,1,2,1,2,3;0.1,1.3,5.0,1.6,3.3,2.5,5.5;0
6,10,12,13,23,24,39;0,0,1,1,2,3,2;6.5,2.2,5.0,0.1,3.5,3.2,1.6;0
6,10,12,13,23,26,39;0,0,0,1,0,0,2;5.0,2.2,5.5,0.1,3.5,3.2,1.6;0
6,10,12,13,27,28,39;0,1,3,3,2,2,0;0.1,1.3,1.6,6.4,3.4,3.3,4.1;0
6,10,13,13,13,20,36;0,0,1,2,3,0,2;5.0,2.2,0.1,1.6,6.4,2.5,3.2;0
6,10,13,13,13,21,39;0,1,0,0,3,0,2;0.1,1.3,3.5,4.1,6.4,3.3,1.6;0
6,10,13,13,13,25,35;0,1,2,0,3,0,0;0.1,1.3,1.6,4.1,6.4,2.5,3.3;0
6,10,13,13,13,26,39;0,0,1,0,3,0,2;5.0,2.2,0.1,3.5,6.4,3.2,1.6;0
6,10,13,13,15,18,39;0,1,0,3,0,2,2;0.1,1.3,4.1,6.4,4.2,3.3,1.6;0
6,10,13,13,15,27,39;0,1,2,0,0,3,3;0.1,1.3,1.6,4.1,4.2,2.5,5.5;0
6,10,13,13,15,29,39;0,1,0,3,1,2,2;0.1,1.3,4.1,6.4,3.4,3.3,1.6;0
6,10,13,13,17,24,39;0,0,1,3,2,0,0;1.6,2.2,0.1,6.4,3.2,2.5,4.1;0
6,10,13,13,21,23,39;0,1,2,0,0,2,3;0.1,1.3,1.6,4.1,3.3,2.5,5.5;0
6,10,13,13,23,26,39;0,0,1,2,2,0,3;5.0,2.2,0.1,1.6,2.5,3.2,5.5;0
6,10,13,13,23,27,39;0,0,1,0,2,1,2;6.5,2.2,0.1,4.1,3.5,3.2,1.6;0
6,10,13,13,25,28,39;0,1,2,3,0,2,0;0.1,1.3,1.6,6.4,2.5,3.3,4.1;0
6,11,11,12,12,31,39;0,2,1,3,1,3,1;6.5,3.4,4.4,1.6,5.0,2.3,0.1;0
6,11,11,12,13,30,39;0,2,1,3,1,0,0;6.5,3.4,4.4,1.6,0.1,2.2,4.1;0
6,11,11,12,13,31,39;0,3,1,3,0,1,3;0.1,1.3,3.2,1.6,4.1,3.4,5.5;0
6,11,11,12,13,33,39;0,2,1,3,0,1,1;6.5,3.4,4.4,1.6,4.1,2.3,0.1;0
6,11,11,12,13,39,39;0,2,1,3,0,1,0;6.5,3.4,4.4,1.6,2.3,0.1,4.1;0
6,11,11,12,17,39,39;0,3,2,3,2,0,3;0.1,1.3,3.4,1.6,3.2,4.1,5.5;0
6,11,11,12,18,39,39;0,3,2,2,0,2,3;5.0,3.2,4.3,0.1,1.3,1.6,5.5;0
6,11,11,12,20,39,39;0,3,2,3,1,1,3;5.0,3.2,4.3,1.6,2.3,0.1,5.5;0
6,11,11,12,21,39,39;0,0,2,3,0,1,3;5.0,2.3,4.1,1.6,3.5,0.1,5.5;0
6,11,11,12,22,39,39;0,3,2,3,2,1,3;5.0,3.2,3.4,1.6,2.3,0.1,5.5;0
6,11,11,12,23,39,39;0,0,2,0,0,1,2;5.0,2.3,4.1,5.5,3.5,0.1,1.6;0
6,11,11,13,13,30,39;0,3,1,0,3,0,2;0.1,1.3,3.2,4.1,6.4,3.4,1.6;0
6,11,11,13,13,33,39;0,3,1,2,0,1,3;0.1,1.3,3.2,1.6,4.1,2.5,5.5;0
6,11,11,13,13,39,39;0,0,2,0,3,1,2;5.0,2.3,4.1,3.5,6.4,0.1,1.6;0
6,11,11,13,15,39,39;0,3,2,2,2,1,3;5.0,3.2,4.3,1.6,2.3,0.1,5.5;0
6,11,11,13,17,39,39;0,3,3,2,2,0,3;0.1,1.3,2.5,1.6,3.2,4.1,5.5;0
6,11,11,13,22,39,39;0,3,3,2,2,1,3;5.0,2.5,3.2,1.6,2.3,0.1,5.5;0
6,11,11,13,23,39,39;0,0,2,2,2,1,3;5.0,2.3,4.1,1.6,2.5,0.1,5.5;0
6,11,12,12,13,17,39;0,3,3,0,3,1,1;5.0,3.2,1.6,2.3,6.4,3.5,0.1;0
6,11,12,12,13,18,39;0,2,3,0,0,2,0;0.1,3.4,1.6,5.5,1.3,4.2,4.1;0
6,11,12,12,13,20,39;0,2,3,1,0,3,3;0.1,3.4,1.6,5.0,1.3,4.1,5.5;0
6,11,12,12,18,27,39;0,3,2,0,0,2,2;5.0,3.2,0.1,5.5,1.3,4.3,1.6;0
6,11,12,12,20,27,39;0,3,3,0,1,2,1;5.0,3.2,1.6,5.5,2.3,4.3,0.1;0
6,11,12,12,21,25,39;0,3,2,3,0,2,3;5.0,3.2,0.1,1.6,3.5,1.3,5.5;0
6,11,12,12,21,27,39;0,2,2,3,0,0,3;5.0,4.1,0.1,1.6,3.5,1.3,5.5;0
6,11,12,12,21,29,39;0,2,3,1,2,3,1;6.5,3.4,1.6,5.0,2.3,4.3,0.1;0
6,11,12,12,22,23,39;0,2,3,0,0,0,0;0.1,3.4,1.6,5.5,3.3,1.3,4.1;0
6,11,12,12,23,25,39;0,3,2,0,0,2,2;5.0,3.2,0.1,5.5,3.5,1.3,1.6;0
6,11,12,12,23,27,39;0,2,2,0,0,0,2;5.0,4.1,0.1,5.5,3.5,1.3,1.6;0
6,11,12,12,23,29,39;0,2,2,3,2,3,0;6.5,3.4,0.1,1.6,1.3,4.3,4.1;0
6,11,12,13,13,15,39;0,2,3,0,0,0,3;0.1,3.4,1.6,1.3,4.1,4.2,5.5;0
6,11,12,13,13,18,39;0,3,0,0,2,2,0;0.1,2.5,5.5,1.3,1.6,4.2,4.1;0
6,11,12,13,13,20,39;0,3,1,0,2,3,3;0.1,2.5,5.0,1.3,1.6,4.1,5.5;0
6,11,12,13,13,21,39;0,2,3,1,1,0,3;5.0,4.1,1.6,0.1,2.2,3.5,5.5;0
6,11,12,13,13,23,39;0,2,0,1,1,0,2;5.0,4.1,5.5,0.1,2.2,3.5,1.6;0
6,11,12,13,13,25,39;0,3,2,0,3,2,2;5.0,3.2,0.1,3.5,6.4,1.3,1.6;0
6,11,12,13,13,27,39;0,2,2,0,3,0,2;5.0,4.1,0.1,3.5,6.4,1.3,1.6;0
6,11,12,13,13,29,39;0,2,3,1,2,3,0;6.5,3.4,1.6,0.1,2.2,4.3,4.1;0
6,11,12,13,15,17,39;0,3,3,3,2,1,0;0.1,1.3,1.6,6.4,3.2,3.5,4.1;0
6,11,12,13,15,19,39;0,3,2,3,1,0,2;5.0,3.2,0.1,6.4,3.4,1.3,1.6;0
6,11,12,13,15,24,39;0,3,1,3,1,3,2;0.1,1.3,5.0,6.4,3.4,3.2,1.6;0
6,11,12,13,15,27,39;0,3,0,2,2,2,1;5.0,3.2,5.5,1.6,2.3,4.3,0.1;0
6,11,12,13,17,25,39;0,2,1,1,1,1,3;1.6,4.3,5.0,0.1,2.2,2.5,5.5;0
6,11,12,13,17,27,39;0,3,3,3,2,2,0;0.1,1.3,1.6,6.4,3.2,3.4,4.1;0
6,11,12,13,17,28,39;0,2,3,3,1,2,1;5.0,4.1,1.6,6.4,3.5,2.3,0.1;0
6,11,12,13,20,24,39;0,2,3,1,1,2,3;5.0,4.3,1.6,0.1,2.3,2.2,5.5;0
6,11,12,13,21,23,39;0,2,3,3,3,0,0;0.1,3.4,1.6,6.4,3.3,1.3,4.1;0
6,11,12,13,21,24,39;0,3,1,3,2,0,1;1.6,3.4,5.0,6.4,2.3,2.5,0.1;0
6,11,12,13,21,29,39;0,3,1,2,2,3,1;6.5,2.5,5.0,1.6,2.3,4.3,0.1;0
6,11,12,13,22,23,39;0,3,0,2,0,0,0;0.1,2.5,5.5,1.6,3.3,1.3,4.1;0
6,11,12,13,22,24,39;0,2,3,1,2,2,3;5.0,3.4,1.6,0.1,2.3,2.2,5.5;0
6,11,12,13,22,27,39;0,3,3,3,2,2,1;5.0,3.2,1.6,6.4,2.3,3.4,0.1;0
6,11,12,13,23,24,39;0,3,2,3,2,0,0;1.6,3.4,0.1,6.4,1.3,2.5,4.1;0
6,11,12,13,23,25,39;0,3,2,2,2,2,3;5.0,3.2,0.1,1.6,2.5,1.3,5.5;0
6,11,12,13,23,27,39;0,2,2,2,2,0,3;5.0,4.1,0.1,1.6,2.5,1.3,5.5;0
6,11,12,13,23,29,39;0,2,3,0,0,3,1;6.5,3.4,1.6,4.1,2.3,4.3,0.1;0
6,11,13,13,13,13,39;0,2,1,1,0,3,2;5.0,4.1,0.1,2.2,3.5,6.4,1.6;0
6,11,13,13,13,15,39;0,3,0,2,0,0,3;0.1,2.5,1.3,1.6,4.1,4.2,5.5;0
6,11,13,13,13,23,39;0,2,1,2,1,2,3;5.0,4.1,0.1,1.6,2.2,2.5,5.5;0
6,11,13,13,13,24,39;0,3,1,2,3,0,0;1.6,3.4,0.1,2.2,6.4,2.5,4.1;0
6,11,13,13,13,29,39;0,3,1,2,2,3,0;6.5,2.5,0.1,1.6,2.2,4.3,4.1;0
6,11,13,13,15,16,39;0,3,1,3,1,1,2;5.0,3.2,0.1,6.4,3.4,2.2,1.6;0
6,11,13,13,15,20,39;0,3,2,3,2,0,0;0.1,1.3,1.6,6.4,3.2,2.5,4.1;0
6,11,13,13,15,24,39;0,2,1,2,2,2,3;5.0,4.3,0.1,1.6,2.3,2.2,5.5;0
6,11,13,13,15,27,39;0,3,0,3,1,1,2;0.1,1.3,4.1,6.4,3.4,3.2,1.6;0
6,11,13,13,17,25,39;0,3,2,3,2,0,0;0.1,1.3,1.6,6.4,3.2,2.5,4.1;0
6,11,13,13,20,25,39;0,2,1,0,2,1,3;1.6,4.3,0.1,4.1,2.2,2.5,5.5;0
6,11,13,13,20,28,39;0,2,2,3,0,2,1;5.0,4.1,1.6,6.4,2.5,2.3,0.1;0
6,11,13,13,21,23,39;0,3,2,3,3,0,0;0.1,2.5,1.6,6.4,3.3,1.3,4.1;0
6,11,13,13,22,24,39;0,3,1,2,2,2,3;5.0,2.5,0.1,1.6,2.3,2.2,5.5;0
6,11,13,13,22,25,39;0,3,2,3,2,0,1;5.0,3.2,1.6,6.4,2.3,2.5,0.1;0
6,11,13,13,23,24,39;0,3,0,3,0,0,1;1.6,3.4,4.1,6.4,2.3,2.5,0.1;0
6,11,13,13,23,29,39;0,3,2,0,0,3,1;6.5,2.5,1.6,4.1,2.3,4.3,0.1;0
6,12,12,13,13,17,17;0,3,1,1,3,1,1;3.3,1.6,5.0,0.1,6.4,2.2,3.5;1
6,12,12,13,13,17,19;0,3,1,0,3,1,3;0.1,1.6,5.0,1.3,6.4,3.5,3.4;0
6,12,12,13,13,17,24;0,2,1,1,3,1,0;1.6,3.3,5.0,0.1,6.4,2.2,2.5;0
6,12,12,13,13,20,27;0,3,1,0,3,3,2;0.1,1.6,5.0,1.3,6.4,4.1,3.4;0
6,12,12,13,17,22,26;0,1,0,1,1,0,0;1.6,5.0,5.5,0.1,2.2,3.3,2.5;0
6,12,12,13,17,22,27;0,3,1,3,1,2,0;0.1,1.6,5.0,6.4,3.5,1.3,2.2;0
6,12,12,13,17,24,29;0,3,1,3,1,3,1;0.1,1.6,5.0,6.4,3.5,3.2,1.3;0
6,12,12,13,17,25,27;0,1,0,1,1,1,2;1.6,5.0,5.5,0.1,2.2,2.5,4.3;0
6,12,12,13,20,24,27;0,2,1,3,3,0,0;1.6,0.1,5.0,6.4,4.1,2.5,1.3;0
6,12,13,13,13,15,27;0,3,0,0,3,0,2;0.1,1.6,1.3,4.1,6.4,4.2,3.4;0
6,12,13,13,13,16,17;0,3,0,0,3,2,1;0.1,1.6,1.3,4.1,6.4,3.4,3.5;0
6,12,13,13,13,17,20;0,1,1,2,3,1,0;3.3,5.0,0.1,1.6,6.4,2.2,2.5;0
6,12,13,13,13,17,25;0,1,1,3,3,1,1;1.6,5.0,0.1,4.3,6.4,2.2,2.5;0
6,12,13,13,13,19,20;0,1,0,2,3,3,0;0.1,5.0,1.3,1.6,6.4,3.4,2.5;0
6,12,13,13,13,20,24;0,2,1,0,3,2,0;1.6,3.3,0.1,4.1,6.4,2.2,2.5;0
6,12,13,13,13,20,25;0,1,0,2,3,3,0;0.1,5.0,1.3,1.6,6.4,4.1,2.5;0
6,12,13,13,15,24,27;0,2,0,3,0,0,0;1.6,0.1,4.1,6.4,4.2,2.5,1.3;0
6,12,13,13,17,21,26;0,1,1,3,1,3,0;1.6,5.0,0.1,6.4,2.2,3.3,2.5;0
6,12,13,13,17,22,25;0,3,0,3,1,2,2;0.1,1.6,4.1,6.4,3.5,1.3,2.2;0
6,12,13,13,17,27,29;0,3,0,3,1,1,1;0.1,1.6,4.1,6.4,3.5,3.2,1.3;0
6,12,13,13,20,22,26;0,0,1,0,2,0,0;1.6,5.5,0.1,4.1,2.2,3.3,2.5;0
6,12,13,13,20,22,27;0,1,2,3,0,2,0;0.1,5.0,1.6,6.4,2.5,1.3,2.2;0
6,12,13,13,20,24,29;0,1,2,3,0,3,1;0.1,5.0,1.6,6.4,2.5,3.2,1.3;0
6,12,13,13,20,25,27;0,0,1,0,2,1,2;1.6,5.5,0.1,4.1,2.2,2.5,4.3;0
6,12,13,13,22,24,27;0,1,1,3,0,0,0;1.6,5.0,0.1,6.4,2.3,2.5,2.2;0
6,13,13,13,13,15,24;0,1,1,0,3,0,0;1.6,0.1,2.2,4.1,6.4,4.2,2.5;0
6,13,13,13,13,15,25;0,0,2,0,3,0,0;0.1,1.3,1.6,4.1,6.4,4.2,2.5;0
6,13,13,13,13,16,20;0,0,2,0,3,2,0;0.1,1.3,1.6,4.1,6.4,3.4,2.5;0
6,13,13,13,13,20,20;0,1,2,0,3,2,0;3.3,0.1,1.6,4.1,6.4,2.2,2.5;1
6,13,13,13,13,20,25;0,1,0,3,3,2,1;1.6,0.1,4.1,4.3,6.4,2.2,2.5;0
6,13,13,13,20,21,26;0,1,0,3,2,3,0;1.6,0.1,4.1,6.4,2.2,3.3,2.5;0
6,13,13,13,20,22,25;0,2,0,3,0,2,2;0.1,1.6,4.1,6.4,2.5,1.3,2.2;0
6,13,13,13,20,27,29;0,2,0,3,0,1,1;0.1,1.6,4.1,6.4,2.5,3.2,1.3;0
6,13,13,13,22,24,25;0,1,0,3,0,0,2;1.6,0.1,4.1,6.4,2.3,2.5,2.2;0
6,33,39,39,39,39;0,1,2,2,0,3;0.1,1.3,1.6,3.4,4.1,5.5;0
7,7,8,12,13,39,39;0,3,0,2,3,2,0;3.2,3.5,1.3,0.1,6.4,1.6,4.1;0
7,7,10,13,13,39,39;0,3,0,1,3,2,0;3.2,3.5,2.2,0.1,6.4,1.6,4.1;0
7,7,11,12,12,39,39;3,2,2,2,3,0,3;1.3,4.2,3.4,0.1,1.6,4.1,5.5;0
7,7,11,12,13,39,39;3,0,2,1,1,2,3;2.2,2.3,4.3,5.0,0.1,1.6,5.5;0
7,7,12,12,13,13,34;3,1,3,1,1,3,1;2.2,3.5,1.6,5.0,0.1,6.4,2.3;1
7,7,12,12,13,13,39;3,3,0,1,1,3,2;2.2,3.5,2.3,5.0,0.1,6.4,1.6;0
7,7,12,12,13,19,39;3,3,2,1,3,3,2;1.3,3.5,0.1,5.0,6.4,3.4,1.6;0
7,7,12,12,13,27,39;3,1,2,3,3,3,0;1.3,3.5,0.1,1.6,6.4,3.4,4.1;0
7,7,12,13,13,13,39;3,0,1,1,3,3,2;2.2,2.3,5.0,0.1,4.3,6.4,1.6;0
7,7,12,13,13,16,39;3,3,2,0,3,2,2;1.3,3.5,0.1,4.1,6.4,3.4,1.6;0
7,7,12,13,13,25,39;3,2,2,2,3,0,0;1.3,4.2,0.1,1.6,6.4,2.5,4.1;0
7,8,9,13,13,39,39;3,0,1,1,3,2,0;3.5,2.2,2.3,0.1,6.4,1.6,4.1;0
7,8,11,13,13,39,39;1,3,2,1,2,0,3;2.2,2.5,4.3,0.1,1.6,4.1,5.5;0
7,8,12,12,13,17,39;0,0,2,3,3,1,0;3.2,1.3,0.1,1.6,6.4,3.5,4.1;0
7,8,12,12,13,20,39;1,0,3,0,1,1,0;4.4,2.2,1.6,5.5,0.1,2.3,4.1;0
7,8,12,12,13,24,39;3,0,2,1,3,3,2;3.5,1.3,0.1,5.0,6.4,3.2,1.6;0
7,8,12,13,13,15,39;1,0,0,1,2,2,0;4.4,2.2,5.5,0.1,1.6,2.3,4.1;0
7,8,12,13,13,20,39;0,0,2,2,3,0,0;3.2,1.3,0.1,1.6,6.4,2.5,4.1;0
7,8,12,13,13,22,39;1,0,3,1,3,0,0;3.5,2.2,1.6,0.1,6.4,2.3,4.1;0
7,8,12,13,13,27,39;3,0,2,0,3,1,2;3.5,1.3,0.1,4.1,6.4,3.2,1.6;0
7,8,13,13,13,13,39;3,1,1,1,0,3,2;3.5,4.2,0.1,2.2,4.1,6.4,1.6;0
7,9,11,12,13,39,39;1,1,2,3,1,0,3;2.2,3.3,3.4,1.6,0.1,4.1,5.5;0
7,9,11,13,13,39,39;1,1,3,1,2,0,3;2.2,3.3,2.5,0.1,1.6,4.1,5.5;0
7,9,12,13,13,27,39;3,1,1,1,3,0,2;3.5,2.3,5.0,0.1,6.4,2.2,1.6;0
7,9,13,13,13,25,39;3,1,1,0,3,2,2;3.5,2.3,0.1,4.1,6.4,2.2,1.6;0
7,10,11,12,13,39,39;1,1,3,3,3,1,0;3.5,2.3,3.4,1.6,6.4,0.1,4.1;0
7,10,12,13,13,17,39;0,0,3,1,3,1,0;3.2,2.2,1.6,0.1,6.4,3.5,4.1;0
7,10,12,13,13,24,39;3,0,1,1,3,3,2;3.5,2.2,5.0,0.1,6.4,3.2,1.6;0
7,10,13,13,13,20,39;0,0,1,2,3,0,0;3.2,2.2,0.1,1.6,6.4,2.5,4.1;0
7,10,13,13,13,27,39;3,0,1,0,3,1,2;3.5,2.2,0.1,4.1,6.4,3.2,1.6;0
7,11,12,12,12,18,39;3,2,2,3,0,2,0;1.3,3.4,0.1,1.6,5.5,4.2,4.1;0
7,11,12,12,12,20,39;3,2,2,3,1,3,3;1.3,3.4,0.1,1.6,5.0,4.1,5.5;0
7,11,12,12,13,15,39;3,2,2,3,0,0,3;1.3,3.4,0.1,1.6,4.1,4.2,5.5;0
7,11,12,12,13,18,39;3,3,2,0,2,2,0;1.3,2.5,0.1,5.5,1.6,4.2,4.1;0
7,11,12,12,13,20,39;3,2,3,1,1,1,3;2.2,4.3,1.6,5.0,0.1,2.3,5.5;0
7,11,12,12,13,21,39;1,3,3,1,3,2,1;3.5,3.4,1.6,5.0,6.4,2.3,0.1;0
7,11,12,12,13,22,39;3,2,3,1,1,2,3;2.2,3.4,1.6,5.0,0.1,2.3,5.5;0
7,11,12,12,13,23,39;3,2,2,3,3,1,0;1.3,3.4,0.1,1.6,6.4,4.2,4.1;0
7,11,12,13,13,13,39;1,3,3,1,2,3,0;3.5,3.4,1.6,0.1,2.2,6.4,4.1;0
7,11,12,13,13,15,39;3,2,1,1,2,2,3;2.2,4.3,5.0,0.1,1.6,2.3,5.5;0
7,11,12,13,13,21,39;1,2,3,1,3,3,0;2.2,3.4,1.6,0.1,6.4,3.3,4.1;0
7,11,12,13,13,22,39;3,3,1,1,2,2,3;2.2,2.5,5.0,0.1,1.6,2.3,5.5;0
7,11,12,13,13,23,39;3,3,2,2,3,1,0;1.3,2.5,0.1,1.6,6.4,4.2,4.1;0
7,11,13,13,13,21,39;1,3,1,2,3,3,0;2.2,2.5,0.1,1.6,6.4,3.3,4.1;0
7,12,12,12,13,13,17;3,3,0,1,1,3,1;2.2,1.6,2.3,5.0,0.1,6.4,3.5;0
7,12,12,12,13,17,19;3,2,3,1,3,1,3;1.3,0.1,1.6,5.0,6.4,3.5,3.4;0
7,12,12,12,13,20,27;3,2,3,1,3,3,2;1.3,0.1,1.6,5.0,6.4,4.1,3.4;0
7,12,12,13,13,13,20;3,0,1,1,2,3,0;2.2,2.3,5.0,0.1,1.6,6.4,2.5;0
7,12,12,13,13,15,27;3,2,3,0,3,0,2;1.3,0.1,1.6,4.1,6.4,4.2,3.4;0
7,12,12,13,13,16,17;3,2,3,0,3,2,1;1.3,0.1,1.6,4.1,6.4,3.4,3.5;0
7,12,12,13,13,19,20;3,2,1,2,3,3,0;1.3,0.1,5.0,1.6,6.4,3.4,2.5;0
7,12,12,13,13,20,25;3,2,1,2,3,3,0;1.3,0.1,5.0,1.6,6.4,4.1,2.5;0
7,12,12,13,13,22,27;3,3,1,1,3,2,2;2.2,1.6,5.0,0.1,6.4,2.3,3.4;0
7,12,13,13,13,13,15;3,1,1,2,3,3,2;2.2,5.0,0.1,1.6,4.3,6.4,2.3;0
7,12,13,13,13,15,25;3,2,2,0,3,0,0;1.3,0.1,1.6,4.1,6.4,4.2,2.5;0
7,12,13,13,13,16,20;3,2,2,0,3,2,0;1.3,0.1,1.6,4.1,6.4,3.4,2.5;0
7,12,13,13,13,22,25;3,1,1,2,3,2,0;2.2,5.0,0.1,1.6,6.4,2.3,2.5;0
8,9,12,13,13,17,39;0,1,3,1,3,1,0;2.2,2.3,1.6,0.1,6.4,3.5,4.1;0
8,9,13,13,13,20,39;0,1,1,2,3,0,0;2.2,2.3,0.1,1.6,6.4,2.5,4.1;0
8,10,11,12,12,39,39;2,1,2,3,0,1,0;4.3,2.3,3.4,1.6,5.5,0.1,4.1;0
8,10,11,12,13,39,39;2,1,3,0,2,1,0;4.3,2.3,2.5,5.5,1.6,0.1,4.1;0
8,11,12,12,12,21,39;2,2,3,1,0,2,1;4.3,3.4,1.6,5.0,5.5,2.3,0.1;0
8,11,12,12,12,23,39;2,2,2,3,0,2,0;4.3,3.4,0.1,1.6,5.5,1.3,4.1;0
8,11,12,12,13,13,39;2,2,3,0,1,2,0;4.3,3.4,1.6,5.5,0.1,2.2,4.1;0
8,11,12,12,13,21,39;2,3,1,0,2,2,1;4.3,2.5,5.0,5.5,1.6,2.3,0.1;0
8,11,12,12,13,23,39;2,2,3,0,0,0,1;4.3,3.4,1.6,5.5,4.1,2.3,0.1;0
8,11,12,13,13,13,39;2,3,0,1,2,2,0;4.3,2.5,5.5,0.1,1.6,2.2,4.1;0
8,11,12,13,13,17,39;3,2,1,1,2,1,3;2.5,4.3,5.0,0.1,1.6,2.2,5.5;0
8,11,12,13,13,23,39;2,3,0,2,0,0,1;4.3,2.5,5.5,1.6,4.1,2.3,0.1;0
8,11,13,13,13,20,39;3,2,1,2,0,2,3;2.5,4.3,0.1,1.6,4.1,2.2,5.5;0
8,12,12,12,13,17,24;0,2,3,1,3,1,3;1.3,0.1,1.6,5.0,6.4,3.5,3.2;0
8,12,12,13,13,17,27;0,2,3,0,3,1,1;1.3,0.1,1.6,4.1,6.4,3.5,3.2;0
8,12,12,13,13,20,24;0,2,1,2,3,0,3;1.3,0.1,5.0,1.6,6.4,2.5,3.2;0
8,12,13,13,13,13,17;1,3,1,1,0,3,1;4.2,1.6,0.1,2.2,4.1,6.4,3.5;0
8,12,13,13,13,20,27;0,2,2,0,3,0,1;1.3,0.1,1.6,4.1,6.4,2.5,3.2;0
8,13,13,13,13,13,20;1,1,2,1,0,3,0;4.2,0.1,1.6,2.2,4.1,6.4,2.5;0
9,11,12,12,13,17,39;1,2,3,1,1,1,3;3.3,3.4,1.6,5.0,0.1,2.2,5.5;0
9,11,12,13,13,17,39;1,3,1,1,2,1,3;3.3,2.5,5.0,0.1,1.6,2.2,5.5;0
9,11,12,13,13,20,39;1,2,3,1,0,2,3;3.3,3.4,1.6,0.1,4.1,2.2,5.5;0
9,11,13,13,13,20,39;1,3,1,2,0,2,3;3.3,2.5,0.1,1.6,4.1,2.2,5.5;0
9,12,12,13,13,17,27;1,3,1,1,3,1,0;2.3,1.6,5.0,0.1,6.4,3.5,2.2;0
9,12,13,13,13,17,25;1,3,1,0,3,1,2;2.3,1.6,0.1,4.1,6.4,3.5,2.2;0
9,12,13,13,13,20,27;1,1,1,2,3,0,0;2.3,5.0,0.1,1.6,6.4,2.5,2.2;0
9,13,13,13,13,20,25;1,1,2,0,3,0,2;2.3,0.1,1.6,4.1,6.4,2.5,2.2;0
10,10,11,12,13,39,39;1,0,2,3,3,1,0;2.3,4.3,3.4,1.6,6.4,0.1,4.1;0
10,10,11,13,13,39,39;1,0,3,2,3,1,0;2.3,4.3,2.5,1.6,6.4,0.1,4.1;0
10,11,12,12,13,21,39;0,2,3,1,3,2,1;4.3,3.4,1.6,5.0,6.4,2.3,0.1;0
10,11,12,12,13,23,39;0,2,2,3,3,2,0;4.3,3.4,0.1,1.6,6.4,1.3,4.1;0
10,11,12,13,13,13,39;0,2,3,1,2,3,0;4.3,3.4,1.6,0.1,2.2,6.4,4.1;0
10,11,12,13,13,21,39;0,3,1,2,3,2,1;4.3,2.5,5.0,1.6,6.4,2.3,0.1;0
10,11,12,13,13,23,39;0,2,3,0,3,0,1;4.3,3.4,1.6,4.1,6.4,2.3,0.1;0
10,11,13,13,13,13,39;0,3,1,2,2,3,0;4.3,2.5,0.1,1.6,2.2,6.4,4.1;0
10,11,13,13,13,23,39;0,3,2,0,3,0,1;4.3,2.5,1.6,4.1,6.4,2.3,0.1;0
10,12,12,13,13,17,24;0,3,1,1,3,1,3;2.2,1.6,5.0,0.1,6.4,3.5,3.2;0
10,12,13,13,13,17,27;0,3,1,0,3,1,1;2.2,1.6,0.1,4.1,6.4,3.5,3.2;0
10,12,13,13,13,20,24;0,1,1,2,3,0,3;2.2,5.0,0.1,1.6,6.4,2.5,3.2;0
10,13,13,13,13,20,27;0,1,2,0,3,0,1;2.2,0.1,1.6,4.1,6.4,2.5,3.2;0
10,39,39,39,39,39;1,1,2,2,0,3;2.3,0.1,1.6,3.4,4.1,5.5;0
11,12,12,12,13,17,22;2,3,1,0,1,1,0;3.4,1.6,5.0,5.5,0.1,2.2,3.3;0
11,12,12,13,13,17,21;2,3,1,1,3,1,3;3.4,1.6,5.0,0.1,6.4,2.2,3.3;0
11,12,12,13,13,17,22;3,1,0,1,2,1,0;2.5,5.0,5.5,0.1,1.6,2.2,3.3;0
11,12,12,13,13,20,22;2,3,0,1,0,2,0;3.4,1.6,5.5,0.1,4.1,2.2,3.3;0
11,12,13,13,13,17,21;3,1,1,2,3,1,3;2.5,5.0,0.1,1.6,6.4,2.2,3.3;0
11,12,13,13,13,20,21;2,3,1,0,3,2,3;3.4,1.6,0.1,4.1,6.4,2.2,3.3;0
11,12,13,13,13,20,22;3,0,1,2,0,2,0;2.5,5.5,0.1,1.6,4.1,2.2,3.3;0
11,13,13,13,13,20,21;3,1,2,0,3,2,3;2.5,0.1,1.6,4.1,6.4,2.2,3.3;0
12,12,31,31,39,39;3,1,3,1,1,3;1.6,5.0,2.3,3.4,0.1,5.5;1
12,13,30,31,39,39;1,3,0,3,1,2;5.0,6.4,3.4,2.3,0.1,1.6;0
12,13,31,33,39,39;1,2,3,1,1,3;5.0,1.6,2.3,2.5,0.1,5.5;0
12,13,31,39,39,39;1,2,3,1,2,3;5.0,3.4,2.3,0.1,1.6,5.5;0
12,21,39,39,39,39;3,0,1,0,0,3;1.6,3.5,0.1,2.3,4.1,5.5;0
12,23,39,39,39,39;0,0,1,2,0,0;5.5,3.5,0.1,1.6,2.3,4.1;0
13,13,30,30,39,39;1,3,0,0,2,0;0.1,6.4,2.2,3.4,1.6,4.1;1
13,13,30,33,39,39;1,2,0,1,0,3;0.1,1.6,2.2,2.5,4.1,5.5;0
13,13,30,39,39,39;1,2,0,2,0,3;0.1,3.4,2.2,1.6,4.1,5.5;0
13,13,33,33,39,39;2,0,1,1,1,3;1.6,4.1,2.3,2.5,0.1,5.5;1
13,13,33,39,39,39;2,0,1,1,0,3;1.6,2.3,2.5,0.1,4.1,5.5;0
13,13,39,39,39,39;1,2,2,2,0,3;0.1,2.2,1.6,3.4,4.1,5.5;0
13,23,39,39,39,39;0,0,1,2,2,3;4.1,2.3,0.1,1.6,3.4,5.5;0
17,17,39,39,39,39;2,2,1,2,0,3;2.3,3.2,0.1,1.6,4.1,5.5;1
24,24,39,39,39,39;3,1,1,2,0,3;2.3,4.2,0.1,1.6,4.1,5.5;1
29,29,39,39,39,39;2,0,1,2,0,3;2.3,3.5,0.1,1.6,4.1,5.5;1
