12,12,30,30,31,31;3,1,0,0,0,2;1.1,5.5,1.3,4.3,2.5,3.0;1
12,12,30,30,32,32;2,3,0,0,2,1;2.0,5.4,2.4,3.2,1.1,3.6;0
12,12,30,31,32,32;3,2,0,1,3,1;2.4,4.2,4.4,1.2,1.1,3.6;0
12,12,30,31,32,34;0,2,0,2,1,1;1.4,2.0,4.4,1.1,3.6,3.2;0
12,12,30,31,32,37;2,1,0,0,3,1;4.2,5.5,1.2,2.5,1.1,1.4;0
12,12,30,31,32,38;3,2,1,2,1,1;1.1,2.4,5.3,3.0,3.6,1.3;0
12,12,30,31,32,39;0,2,0,2,1,1;1.4,4.2,4.4,1.1,3.6,2.0;0
12,12,30,32,32,34;2,3,0,2,1,1;2.0,2.4,4.4,1.1,3.6,3.2;0
12,12,30,32,32,39;3,2,0,2,1,1;2.4,4.2,4.4,1.1,3.6,2.0;0
12,12,31,31,32,32;2,0,2,3,1,1;2.0,3.2,1.1,4.5,1.4,3.6;0
12,12,31,31,32,34;3,2,0,2,1,0;1.1,1.3,2.5,3.0,3.3,5.5;0
12,12,31,31,32,39;3,2,1,0,3,3;2.4,4.2,1.2,4.4,1.1,3.6;0
12,12,31,31,34,34;2,0,2,0,1,1;2.0,3.6,1.1,4.4,1.4,3.2;1
12,12,31,31,34,37;2,1,2,0,1,1;2.0,5.5,1.1,2.5,3.2,1.4;0
12,12,31,31,34,38;2,3,2,0,1,2;2.0,5.5,1.1,1.4,3.2,4.4;0
12,12,31,31,34,39;0,2,2,0,1,3;1.4,2.0,1.1,4.4,3.2,3.6;0
12,12,31,31,37,37;3,1,0,2,1,1;1.1,5.5,2.5,3.0,1.3,1.4;1
12,12,31,31,37,38;3,3,0,2,1,2;1.1,5.5,1.4,3.0,1.3,4.4;0
12,12,31,31,37,39;2,1,2,0,1,1;4.2,5.5,1.1,2.5,1.4,2.0;0
12,12,31,31,38,38;1,3,0,2,0,2;1.1,5.5,1.4,4.1,2.0,4.4;1
12,12,31,31,38,39;2,3,2,0,2,1;4.2,5.5,1.1,1.4,4.4,2.0;0
12,12,31,31,39,39;0,2,2,0,1,3;1.4,4.2,1.1,4.4,2.0,3.6;1
12,12,31,32,32,32;2,0,3,3,1,1;1.2,3.2,4.5,1.1,1.4,3.6;0
12,12,31,32,32,35;3,2,0,2,2,3;1.1,1.3,2.5,3.0,5.4,4.3;0
12,12,31,32,32,38;2,3,1,3,0,2;4.2,5.5,1.2,1.1,2.4,4.4;0
12,12,31,32,32,39;2,0,2,1,0,3;2.0,3.2,1.1,1.4,5.4,3.6;0
12,12,31,32,34,34;2,0,2,1,1,1;2.0,4.4,1.1,3.6,1.4,3.2;0
12,12,31,32,34,37;2,1,0,3,1,1;1.2,5.5,2.5,1.1,3.2,1.4;0
12,12,31,32,34,38;2,3,0,3,1,2;1.2,5.5,1.4,1.1,3.2,4.4;0
12,12,31,32,34,39;2,3,0,2,1,3;2.0,2.4,4.4,1.1,3.2,3.6;0
12,12,31,32,39,39;3,2,0,2,1,3;2.4,4.2,4.4,1.1,2.0,3.6;0
12,12,32,32,32,39;2,0,3,1,0,3;1.2,3.2,1.1,1.4,5.4,3.6;0
12,12,32,32,33,33;0,2,3,1,0,0;2.2,3.4,1.1,3.6,1.2,5.2;1
12,12,32,32,34,34;2,0,3,1,1,1;1.2,4.4,1.1,3.6,1.4,3.2;1
12,12,32,32,34,38;2,3,2,0,1,2;2.0,5.5,1.1,2.4,3.2,4.4;0
12,12,32,32,38,39;2,3,2,0,2,1;4.2,5.5,1.1,2.4,4.4,2.0;0
12,12,32,32,39,39;2,0,2,0,2,3;2.0,3.2,1.1,5.4,2.4,3.6;0
12,12,32,33,33,39;3,2,1,0,0,0;3.2,3.4,3.6,1.2,5.2,1.1;0
12,12,32,33,35,39;2,1,2,0,1,2;2.0,3.2,1.1,5.2,2.4,4.6;0
12,12,33,33,39,39;3,1,0,0,0,2;3.2,3.4,1.2,5.2,1.1,4.6;1
12,13,30,30,31,32;2,2,0,0,0,3;4.2,4.6,1.2,4.4,1.4,1.1;0
12,13,30,30,32,32;2,2,0,1,2,1;2.0,3.2,2.4,5.3,1.1,3.6;0
12,13,30,30,32,39;3,2,1,0,3,0;5.4,4.6,1.2,3.2,1.1,2.5;0
12,13,30,31,31,32;3,2,1,3,2,1;1.1,1.3,5.3,2.5,3.0,3.6;0
12,13,30,31,31,34;3,2,0,0,2,0;1.1,4.3,1.3,2.5,3.0,5.5;0
12,13,30,31,31,37;3,2,0,0,2,1;1.1,4.6,4.4,1.4,3.0,1.3;0
12,13,30,31,31,38;1,2,0,0,2,0;1.1,4.6,4.4,1.4,4.1,2.0;0
12,13,30,31,31,39;2,2,0,2,0,1;4.2,4.6,4.4,1.1,1.4,2.0;0
12,13,30,31,32,32;2,2,0,3,2,1;2.0,2.4,3.2,4.5,1.1,3.6;0
12,13,30,31,32,34;2,2,0,0,3,1;1.2,4.6,4.4,1.4,1.1,3.2;0
12,13,30,31,32,35;2,2,1,1,2,1;2.0,4.6,5.3,3.2,1.1,2.4;0
12,13,30,31,32,37;1,3,0,0,3,2;5.5,5.2,1.2,1.4,1.1,4.2;0
12,13,30,31,34,39;3,3,0,0,0,2;1.1,3.0,1.3,2.5,5.5,4.3;0
12,13,30,31,38,39;3,2,1,2,1,1;1.1,4.6,5.3,3.0,1.3,2.4;0
12,13,30,32,32,32;0,2,0,3,3,1;1.4,1.2,4.4,1.1,3.3,3.6;0
12,13,30,32,32,33;1,2,1,3,1,0;3.4,4.6,5.3,1.1,2.2,1.2;0
12,13,30,32,32,34;2,2,0,2,0,1;2.0,4.6,4.4,1.1,2.4,3.2;0
12,13,30,32,32,38;2,3,0,3,1,0;4.2,1.2,4.4,1.1,3.6,2.2;0
12,13,30,32,32,39;2,2,0,2,0,3;2.0,2.4,3.2,1.1,5.4,3.6;0
12,13,30,32,34,36;0,2,1,3,1,0;4.4,4.6,1.2,1.1,3.2,2.5;0
12,13,30,33,35,35;1,2,1,0,0,2;3.4,4.6,5.3,1.2,1.1,3.1;0
12,13,30,33,39,39;1,2,1,0,0,2;3.4,4.6,5.3,1.2,1.1,3.2;0
12,13,31,31,31,32;1,3,1,3,0,3;5.5,5.2,1.2,2.4,2.5,1.1;0
12,13,31,31,31,34;2,3,2,0,0,1;2.0,4.5,1.1,1.4,4.4,3.2;0
12,13,31,31,31,37;3,3,0,2,0,1;1.1,4.5,1.4,3.0,4.4,1.3;0
12,13,31,31,31,38;1,3,0,2,0,0;1.1,4.5,1.4,4.1,4.4,2.0;0
12,13,31,31,31,39;1,2,2,0,3,1;4.2,4.6,1.1,1.4,4.5,2.0;0
12,13,31,31,32,32;3,2,2,0,3,1;1.1,1.3,3.0,4.3,2.5,3.6;0
12,13,31,31,32,34;2,3,0,0,3,1;1.2,4.5,1.4,4.4,1.1,3.2;0
12,13,31,31,32,38;1,2,0,3,2,0;1.1,4.6,1.4,4.5,4.1,2.0;0
12,13,31,31,32,39;1,3,2,0,0,0;5.5,5.2,1.2,2.5,3.2,1.1;0
12,13,31,31,33,34;3,2,0,2,1,0;1.1,1.3,2.5,3.0,3.4,5.5;0
12,13,31,31,35,35;3,2,2,0,0,2;1.1,1.3,3.0,4.3,2.5,4.5;0
12,13,31,31,37,39;1,3,2,0,2,1;5.5,5.2,1.1,1.4,4.2,2.0;0
12,13,31,31,39,39;3,2,2,0,0,2;1.1,1.3,3.0,4.3,2.5,4.6;0
12,13,31,32,32,32;1,3,1,3,0,0;4.2,4.5,1.2,1.1,2.4,5.4;0
12,13,31,32,32,34;0,2,0,3,3,1;3.6,1.2,4.4,1.1,3.3,1.4;0
12,13,31,32,32,37;1,2,0,3,3,1;5.5,1.2,2.5,1.1,3.3,1.4;0
12,13,31,32,32,38;3,2,0,3,3,2;5.5,1.2,1.4,1.1,3.3,4.4;0
12,13,31,32,32,39;0,2,3,3,1,0;1.4,1.2,4.5,1.1,3.6,3.3;0
12,13,31,32,33,33;1,3,0,3,0,0;5.5,5.2,2.2,1.1,1.2,3.4;0
12,13,31,32,33,34;1,3,0,3,0,0;5.5,5.2,2.5,1.4,3.0,1.1;0
12,13,31,32,34,39;0,3,0,3,1,1;3.6,1.1,4.4,3.3,1.4,2.0;0
12,13,31,32,35,39;3,3,3,1,3,0;5.4,1.2,2.5,3.6,3.2,1.1;0
12,13,31,32,37,39;1,3,0,3,1,1;5.5,1.1,2.5,3.3,1.4,2.0;0
12,13,31,32,38,39;3,3,0,3,2,1;5.5,1.1,1.4,3.3,4.4,2.0;0
12,13,31,32,39,39;3,2,1,3,1,0;5.4,4.6,1.2,1.1,2.4,3.3;0
12,13,31,38,39,39;1,3,0,3,0,3;5.5,1.2,2.5,3.3,1.1,3.2;0
12,13,32,32,32,33;0,3,3,3,1,0;2.2,1.2,1.1,2.5,3.6,5.2;0
12,13,32,32,32,34;0,2,3,3,1,1;4.4,1.2,1.1,3.3,3.6,1.4;0
12,13,32,32,32,39;1,3,2,0,0,1;4.2,4.5,1.1,2.4,5.4,2.0;0
12,13,32,32,33,33;3,2,3,1,0,0;1.1,1.3,2.5,3.6,3.0,5.2;0
12,13,32,32,33,35;1,3,0,0,0,1;5.5,5.2,1.1,3.5,3.0,1.3;0
12,13,32,32,33,39;3,3,3,1,0,0;3.2,1.2,2.5,3.6,5.2,1.1;0
12,13,32,32,34,39;3,2,3,1,1,0;5.4,1.2,1.1,3.6,1.4,3.3;0
12,13,32,32,35,39;1,3,0,0,1,3;5.5,3.0,1.1,3.5,1.3,4.3;0
12,13,32,32,37,39;1,3,2,0,2,1;5.5,5.2,1.1,2.4,4.2,2.0;0
12,13,32,32,38,39;1,3,1,0,0,3;1.1,4.1,1.4,5.4,2.0,3.6;0
12,13,32,32,39,39;0,2,3,0,0,3;1.4,1.2,1.1,5.4,3.3,3.6;0
12,13,32,33,33,39;1,3,0,0,0,0;5.5,5.2,3.2,1.2,3.4,1.1;0
12,13,32,33,34,39;1,3,0,0,0,0;5.5,5.2,3.5,1.2,3.2,1.1;0
12,13,32,33,35,35;0,3,3,0,0,2;2.2,1.2,1.1,5.2,2.5,4.5;0
12,13,32,33,39,39;3,2,2,0,0,3;5.4,4.6,3.3,1.2,1.1,3.2;0
12,13,32,34,36,39;3,3,0,0,1,1;1.1,3.0,3.5,5.5,3.3,1.3;0
12,13,32,34,39,39;3,3,1,1,1,0;5.4,1.1,3.6,1.4,2.0,3.3;0
12,13,32,35,35,38;0,2,3,0,0,0;1.4,1.2,1.1,3.3,3.6,5.3;0
12,13,32,39,39,39;3,2,2,1,1,0;5.4,4.6,1.1,2.0,2.4,3.3;0
12,13,33,33,35,35;3,2,0,0,0,2;1.1,1.3,3.0,5.2,2.5,4.5;0
12,13,33,33,39,39;3,2,0,0,0,2;1.1,1.3,3.0,5.2,2.5,4.6;0
12,13,33,34,35,39;3,2,0,0,3,0;5.4,4.6,1.2,3.4,3.2,1.1;0
12,13,33,35,35,39;3,3,0,0,2,0;3.2,1.2,5.2,2.5,4.5,1.1;0
12,13,33,38,39,39;3,3,0,1,1,2;1.1,3.0,5.2,1.3,2.4,4.6;0
12,13,33,39,39,39;3,3,0,0,0,2;3.2,1.2,5.2,1.1,2.5,4.6;0
12,13,35,35,38,39;0,3,0,0,0,1;1.4,1.1,3.3,3.6,5.3,2.0;0
12,14,30,30,31,32;3,1,0,0,2,1;1.1,2.5,1.3,4.3,3.0,3.6;0
12,14,30,31,32,34;2,1,0,0,3,0;4.2,1.4,1.2,2.5,1.1,5.5;0
12,14,30,32,32,37;2,1,0,3,1,1;4.2,2.5,1.2,1.1,3.6,1.4;0
12,14,30,32,32,38;0,1,1,3,1,3;3.2,2.5,1.2,1.1,3.6,3.3;0
12,14,31,31,32,32;3,1,2,3,1,1;1.1,1.3,3.0,4.5,1.4,3.6;0
12,14,31,31,34,34;2,1,2,0,1,0;2.0,1.4,1.1,2.5,3.2,5.5;0
12,14,31,31,34,37;3,1,0,2,0,1;1.1,1.4,2.5,3.0,5.5,1.3;0
12,14,31,31,34,38;1,1,0,2,0,0;1.1,1.4,2.5,4.1,5.5,2.0;0
12,14,31,31,34,39;2,1,2,0,0,1;4.2,1.4,1.1,2.5,5.5,2.0;0
12,14,31,32,32,34;0,1,2,3,1,0;4.3,2.5,3.0,1.4,3.6,1.1;0
12,14,31,32,32,39;3,1,2,1,0,3;1.1,1.3,3.0,1.4,5.4,3.6;0
12,14,31,32,34,34;2,1,0,3,1,0;1.2,1.4,2.5,1.1,3.2,5.5;0
12,14,31,32,34,37;2,1,2,1,1,1;2.0,2.5,1.1,3.6,3.2,1.4;0
12,14,31,32,37,37;3,1,2,1,1,1;1.1,2.5,3.0,3.6,1.3,1.4;0
12,14,31,32,37,38;1,1,2,1,1,0;1.1,2.5,4.1,3.6,1.4,2.0;0
12,14,31,32,37,39;2,1,2,1,1,1;4.2,2.5,1.1,3.6,1.4,2.0;0
12,14,31,33,38,39;1,2,0,0,0,2;1.1,4.1,1.4,5.2,2.0,4.6;0
12,14,32,32,34,37;2,1,3,1,1,1;1.2,2.5,1.1,3.6,3.2,1.4;0
12,15,30,31,31,32;3,3,0,0,2,2;1.1,4.3,1.3,2.5,3.0,5.4;0
12,15,30,31,32,32;3,3,1,3,3,1;5.4,3.2,1.2,2.5,1.1,3.6;0
12,15,30,31,32,39;2,3,0,0,3,2;4.2,4.4,1.2,1.4,1.1,4.6;0
12,15,30,32,32,35;0,0,0,3,1,2;1.4,1.1,4.4,3.3,3.6,2.0;0
12,15,30,32,32,39;2,3,0,3,1,3;4.2,1.2,4.4,1.1,3.6,1.4;0
12,15,30,32,35,38;0,0,0,3,0,0;1.4,4.2,1.2,1.1,3.6,5.3;0
12,15,31,31,34,39;2,3,2,0,1,2;2.0,4.4,1.1,1.4,3.2,4.6;0
12,15,31,31,35,39;3,3,2,0,1,2;1.1,1.3,3.0,4.3,2.4,4.6;0
12,15,31,31,37,39;3,3,0,2,1,2;1.1,4.4,1.4,3.0,1.3,4.6;0
12,15,31,31,38,39;1,3,0,2,0,2;1.1,4.4,1.4,4.1,2.0,4.6;0
12,15,31,31,39,39;2,3,2,0,1,2;4.2,4.4,1.1,1.4,2.0,4.6;0
12,15,31,32,32,35;0,0,3,3,1,2;3.2,1.2,4.5,1.1,3.6,2.3;0
12,15,31,32,32,39;1,3,3,3,1,3;4.2,1.2,4.5,1.1,3.6,1.4;0
12,15,31,32,34,35;0,0,0,3,1,2;3.6,1.1,4.4,3.3,1.4,2.0;0
12,15,31,32,34,39;2,3,0,3,1,2;1.2,4.4,1.4,1.1,3.2,4.6;0
12,15,31,32,35,37;1,0,0,3,2,1;5.5,1.1,2.5,3.3,2.0,1.4;0
12,15,31,32,35,38;3,0,0,3,2,2;5.5,1.1,1.4,3.3,2.0,4.4;0
12,15,31,32,35,39;0,0,3,1,2,0;1.4,1.1,4.5,3.6,2.0,3.3;0
12,15,31,32,39,39;2,3,0,3,3,3;4.2,1.2,4.4,1.1,1.4,3.6;0
12,15,31,35,38,39;0,0,2,0,0,1;1.4,4.2,1.1,3.6,5.3,2.0;0
12,15,32,32,34,35;0,0,3,1,1,2;4.4,1.1,3.3,3.6,1.4,2.0;0
12,15,32,32,34,39;2,3,2,0,1,2;2.0,4.4,1.1,2.4,3.2,4.6;0
12,15,32,32,35,39;0,0,3,0,2,3;3.2,1.2,1.1,5.4,2.3,3.6;0
12,15,32,32,39,39;1,3,3,0,3,3;4.2,1.2,1.1,5.4,1.4,3.6;0
12,15,32,33,33,35;0,0,3,0,0,2;2.2,3.4,1.1,1.2,5.2,4.5;0
12,15,32,34,35,39;3,0,1,1,2,0;5.4,1.1,3.6,1.4,2.0,3.3;0
12,15,32,35,38,39;3,0,2,0,0,1;2.4,4.2,1.1,3.6,5.3,2.0;0
12,15,32,35,39,39;0,0,0,2,0,3;1.4,1.1,5.4,2.0,3.3,3.6;0
12,15,33,33,35,39;3,3,0,0,1,2;1.1,1.3,3.0,5.2,2.4,4.6;0
12,15,35,35,35,38;0,0,2,0,0,0;1.4,1.1,2.0,3.3,3.6,5.3;0
12,16,31,32,32,35;2,2,0,2,2,3;2.0,2.4,2.5,1.1,5.4,4.3;0
12,16,31,32,34,39;2,2,0,2,0,2;2.0,2.4,2.5,1.1,5.5,4.3;0
12,16,32,34,39,39;2,1,0,0,1,1;2.0,1.1,3.5,5.5,1.3,4.2;0
12,18,30,30,31,32;2,0,0,1,0,3;4.2,4.4,1.2,4.5,1.4,1.1;0
12,18,30,30,32,32;2,1,1,0,3,1;4.2,1.2,2.3,4.4,1.1,3.6;0
12,18,30,31,31,34;2,0,1,2,0,1;2.0,4.4,4.5,1.1,1.4,3.2;0
12,18,30,31,31,37;3,0,1,0,2,1;1.1,4.4,4.5,1.4,3.0,1.3;0
12,18,30,31,31,38;3,2,1,0,2,2;5.5,1.1,2.0,1.4,4.1,4.4;0
12,18,30,31,31,39;2,0,1,2,0,1;4.2,4.4,4.5,1.1,1.4,2.0;0
12,18,30,31,32,32;2,0,1,1,3,0;4.2,4.4,4.5,1.2,1.1,2.4;0
12,18,30,31,32,34;2,0,1,0,3,1;1.2,4.4,4.5,1.4,1.1,3.2;0
12,18,30,31,32,39;2,1,1,0,3,3;4.2,1.2,2.3,4.4,1.1,3.6;0
12,18,30,32,32,34;2,0,1,2,0,1;2.0,4.4,4.5,1.1,2.4,3.2;0
12,18,30,32,32,39;2,0,1,2,0,1;4.2,4.4,4.5,1.1,2.4,2.0;0
12,18,30,32,34,36;3,0,1,3,1,0;4.6,4.4,1.2,1.1,3.2,2.5;0
12,18,31,31,32,32;2,3,2,0,1,1;2.0,4.5,1.1,3.2,1.4,3.6;0
12,18,31,32,32,32;2,3,0,3,1,1;1.2,4.5,3.2,1.1,1.4,3.6;0
12,18,31,32,32,39;2,3,0,2,1,2;2.0,4.5,3.2,1.1,3.6,2.4;0
12,18,31,32,34,35;2,2,0,3,0,2;2.2,1.2,2.5,1.1,5.5,4.2;0
12,18,31,32,34,39;2,1,0,3,0,1;2.3,1.2,2.5,1.1,5.5,4.2;0
12,18,31,32,35,39;2,1,0,2,1,2;2.0,3.2,4.3,1.1,2.4,4.6;0
12,18,32,32,33,38;3,1,3,3,0,2;5.5,1.2,1.1,3.3,2.3,4.4;0
12,18,32,32,34,39;3,3,2,1,0,3;4.3,4.5,3.0,3.6,1.1,1.4;0
12,18,32,32,39,39;3,0,2,3,1,1;4.6,4.4,1.1,3.3,2.0,2.4;0
12,19,30,30,32,32;0,1,0,1,3,1;1.4,4.2,1.2,5.3,1.1,3.6;0
12,19,30,30,32,35;2,1,1,0,1,2;4.2,1.1,2.3,4.4,3.6,2.0;0
12,19,30,31,32,32;3,1,1,1,3,1;2.4,4.2,5.3,1.2,1.1,3.6;0
12,19,30,31,32,34;3,0,1,2,1,1;1.1,1.3,5.3,3.0,3.6,1.4;0
12,19,30,31,32,35;0,0,0,2,0,1;3.6,3.5,4.3,3.0,1.1,1.3;0
12,19,30,31,32,39;0,1,1,2,1,1;1.4,4.2,5.3,1.1,3.6,2.0;0
12,19,30,31,34,39;0,0,0,2,0,0;3.6,3.5,4.3,3.0,1.1,1.4;0
12,19,30,31,35,39;2,1,1,0,2,3;4.2,1.1,2.3,4.4,2.0,3.6;0
12,19,30,32,32,33;3,0,1,3,1,0;5.4,2.2,3.3,1.1,3.6,1.2;0
12,19,30,32,32,39;3,1,1,2,1,1;2.4,4.2,5.3,1.1,3.6,2.0;0
12,19,30,32,35,39;1,1,1,0,2,3;4.2,1.1,2.3,5.4,2.0,3.6;0
12,19,31,31,32,35;0,1,2,0,3,2;3.6,1.1,2.3,4.4,3.3,2.0;0
12,19,31,31,34,34;2,1,2,0,1,0;2.0,4.4,1.1,1.4,3.2,5.5;0
12,19,31,31,34,37;3,1,0,2,0,1;1.1,4.4,1.4,3.0,5.5,1.3;0
12,19,31,31,34,38;1,1,0,2,0,0;1.1,4.4,1.4,4.1,5.5,2.0;0
12,19,31,31,34,39;2,1,2,0,0,1;4.2,4.4,1.1,1.4,5.5,2.0;0
12,19,31,32,32,33;1,0,3,3,1,0;3.3,2.2,4.5,1.1,3.6,1.2;0
12,19,31,32,32,34;2,1,1,3,0,0;4.2,4.4,1.2,1.1,2.4,5.5;0
12,19,31,32,32,35;0,1,2,3,1,2;4.4,1.1,2.3,3.3,3.6,2.0;0
12,19,31,32,32,39;3,0,2,3,1,1;1.1,3.3,3.0,3.5,3.6,1.3;0
12,19,31,32,34,34;2,1,0,3,1,0;1.2,4.4,1.4,1.1,3.2,5.5;0
12,19,31,32,34,39;2,0,2,1,0,3;4.4,3.3,3.0,3.6,1.1,1.4;0
12,19,31,32,35,39;3,1,2,1,2,0;5.4,1.1,2.3,3.6,2.0,3.3;0
12,19,31,34,35,39;2,1,0,0,2,1;2.3,1.1,2.5,5.5,2.0,4.2;0
12,19,32,32,33,39;1,0,3,0,0,3;3.3,2.2,1.1,5.4,1.2,3.6;0
12,19,32,32,34,34;2,1,2,0,1,0;2.0,4.4,1.1,2.4,3.2,5.5;0
12,19,32,32,34,39;2,1,2,0,0,1;4.2,4.4,1.1,2.4,5.5,2.0;0
12,19,32,33,35,38;3,1,3,0,2,2;5.5,1.1,3.3,2.3,2.0,4.4;0
12,19,32,34,35,39;1,1,0,0,2,1;2.3,1.1,3.5,5.5,2.0,4.2;0
12,19,32,34,36,39;0,0,2,0,3,3;3.6,3.5,3.0,1.1,1.4,4.3;0
12,19,33,38,39,39;0,0,0,3,0,3;3.6,3.5,1.2,3.3,1.1,3.2;0
12,20,30,30,31,32;1,0,1,0,0,3;5.5,3.4,1.2,3.2,2.5,1.1;0
12,20,30,31,31,34;0,1,1,2,0,1;3.6,2.0,1.1,4.1,4.4,1.4;0
12,20,30,31,31,37;1,1,1,0,2,1;5.5,2.0,1.1,2.5,4.1,1.4;0
12,20,30,31,31,38;3,1,1,0,2,2;5.5,2.0,1.1,1.4,4.1,4.4;0
12,20,30,31,31,39;0,1,1,2,0,3;1.4,2.0,1.1,4.1,4.4,3.6;0
12,20,30,31,32,32;0,1,1,3,1,2;1.4,2.0,1.1,4.5,3.6,4.1;0
12,20,30,31,32,34;0,1,1,2,1,1;4.4,2.0,1.1,4.1,3.6,1.4;0
12,20,30,31,32,38;0,1,1,1,3,0;2.5,5.3,1.2,3.2,1.1,4.4;0
12,20,30,31,32,39;1,1,0,2,1,3;1.1,2.0,4.4,4.1,3.6,1.4;0
12,20,30,32,32,33;2,1,0,3,1,0;4.2,2.2,4.4,1.1,3.6,1.2;0
12,20,30,32,32,34;3,1,1,1,2,1;5.4,2.0,1.1,3.6,4.1,1.4;0
12,20,30,32,32,39;0,1,1,2,0,3;1.4,2.0,1.1,4.1,5.4,3.6;0
12,20,30,33,35,35;0,1,0,0,0,2;3.6,5.3,3.4,1.2,1.1,3.1;0
12,20,30,33,39,39;0,1,0,0,0,2;3.6,5.3,3.4,1.2,1.1,3.2;0
12,20,31,31,33,39;2,1,2,0,0,2;2.0,3.2,1.1,1.4,5.2,4.6;0
12,20,31,31,39,39;1,1,2,0,3,3;1.1,2.0,4.1,4.4,1.4,3.6;0
12,20,31,32,32,33;1,1,3,3,1,0;4.2,2.2,4.5,1.1,3.6,1.2;0
12,20,31,32,32,38;0,1,2,3,1,0;2.5,5.3,1.2,1.1,2.2,4.4;0
12,20,31,32,32,39;3,0,2,1,1,1;1.1,3.5,3.0,3.3,3.6,1.3;0
12,20,31,32,33,39;2,1,0,3,0,3;4.2,2.2,4.4,1.1,1.2,3.6;0
12,20,31,32,35,39;3,1,1,3,0,1;4.6,5.3,1.2,1.1,3.3,2.4;0
12,20,31,33,34,38;0,1,2,1,0,0;2.5,5.3,3.0,1.4,1.1,4.4;0
12,20,31,33,35,35;3,1,1,0,0,2;4.6,5.3,3.4,1.2,1.1,3.1;0
12,20,31,33,39,39;3,1,1,0,0,2;4.6,5.3,3.4,1.2,1.1,3.2;0
12,20,31,34,35,39;0,1,2,0,0,3;3.6,5.3,3.0,1.1,1.4,3.4;0
12,20,31,35,35,38;0,1,2,0,2,0;2.5,5.3,1.2,1.1,3.1,4.4;0
12,20,31,38,39,39;0,1,2,0,0,2;2.5,5.3,1.2,4.4,1.1,3.2;0
12,20,32,32,33,39;1,1,3,0,0,3;4.2,2.2,1.1,5.4,1.2,3.6;0
12,20,32,32,39,39;3,0,2,1,1,2;1.1,3.5,3.0,3.6,1.3,4.3;0
12,20,32,35,39,39;3,1,2,0,1,1;4.6,5.3,1.1,3.3,2.0,2.4;0
12,21,30,30,31,32;3,2,0,0,2,1;1.1,4.7,1.3,4.3,3.0,2.5;0
12,21,30,30,32,32;2,0,1,1,0,1;3.1,1.1,3.3,5.3,1.3,3.6;0
12,21,30,31,31,32;2,2,0,0,1,3;4.2,4.7,1.2,1.4,4.4,1.1;0
12,21,30,31,31,34;3,3,0,2,1,0;1.1,2.5,1.3,3.0,4.3,5.5;0
12,21,30,31,32,32;2,1,0,0,3,1;4.2,1.3,4.4,1.2,1.1,3.6;0
12,21,30,31,32,35;2,3,0,0,2,3;1.1,2.0,1.3,2.5,5.4,4.3;0
12,21,30,31,32,39;2,0,1,3,1,2;3.1,1.1,5.3,2.5,3.6,1.3;0
12,21,30,31,34,39;2,3,0,0,0,2;1.1,2.0,1.3,2.5,5.5,4.3;0
12,21,30,32,32,33;2,0,1,0,1,0;3.4,1.1,3.1,1.3,3.6,5.2;0
12,21,30,32,32,37;2,2,0,3,1,1;4.2,4.7,1.2,1.1,2.5,1.4;0
12,21,30,32,32,38;2,0,1,3,1,1;2.4,1.1,5.3,2.2,3.6,1.3;0
12,21,30,32,33,35;2,1,1,2,0,2;2.0,2.4,3.2,1.1,5.2,4.5;0
12,21,30,32,33,39;3,2,1,2,0,0;3.2,4.7,3.4,5.2,1.2,1.1;0
12,21,30,32,34,35;2,1,1,2,1,3;2.0,3.5,5.4,1.1,3.2,2.4;0
12,21,30,32,35,39;2,1,1,2,3,1;4.2,3.5,5.4,1.1,2.4,2.0;0
12,21,30,33,35,35;3,0,1,0,0,2;1.3,1.1,3.1,5.2,2.5,4.5;0
12,21,30,33,39,39;3,0,1,0,0,2;1.3,1.1,3.1,5.2,2.5,4.6;0
12,21,31,31,31,34;2,2,2,0,1,1;2.0,4.7,1.1,1.4,4.4,3.2;0
12,21,31,31,31,37;3,2,0,2,1,1;1.1,4.7,1.4,3.0,4.4,1.3;0
12,21,31,31,31,38;3,0,3,0,2,2;5.5,1.1,1.3,1.4,4.1,4.4;0
12,21,31,31,31,39;2,2,2,0,1,1;4.2,4.7,1.1,1.4,4.4,2.0;0
12,21,31,31,32,32;2,0,1,3,0,1;3.1,1.1,3.3,4.5,1.3,3.6;0
12,21,31,31,32,34;2,2,0,1,3,1;1.2,4.7,1.4,4.4,1.1,3.2;0
12,21,31,31,32,35;3,1,2,1,0,1;5.5,3.5,3.0,4.3,1.1,1.3;0
12,21,31,31,32,39;2,1,0,0,3,3;4.2,1.3,1.2,4.4,1.1,3.6;0
12,21,31,31,34,39;3,1,2,1,0,0;5.5,3.5,3.0,4.3,1.1,1.4;0
12,21,31,32,32,34;2,2,1,2,0,1;2.0,4.7,4.4,1.1,2.4,3.2;0
12,21,31,32,32,38;2,1,2,0,1,1;4.4,1.3,3.0,1.1,3.6,3.3;0
12,21,31,32,32,39;2,0,1,0,0,3;3.1,1.1,3.3,1.3,5.4,3.6;0
12,21,31,32,33,35;3,1,1,3,0,2;3.3,2.4,1.2,1.1,5.2,4.5;0
12,21,31,32,34,37;2,2,2,1,1,1;2.0,4.7,1.1,2.5,3.2,1.4;0
12,21,31,32,35,38;2,1,2,0,0,0;3.3,1.3,3.0,1.1,3.6,5.3;0
12,21,31,32,35,39;2,0,0,2,3,0;1.3,1.1,2.5,5.4,4.3,2.2;0
12,21,31,32,37,37;3,2,2,1,1,1;1.1,4.7,3.0,2.5,1.3,1.4;0
12,21,31,32,37,38;3,0,2,0,2,2;5.5,1.1,4.1,1.3,3.1,4.4;0
12,21,31,32,37,39;2,2,2,1,1,1;4.2,4.7,1.1,2.5,1.4,2.0;0
12,21,31,33,34,39;2,0,0,1,0,2;3.1,1.1,2.5,3.4,5.5,1.3;0
12,21,31,34,35,35;2,0,0,0,0,2;1.3,1.1,2.5,5.5,2.2,4.2;0
12,21,31,34,35,38;3,1,2,1,0,0;1.1,1.3,3.0,2.3,3.6,5.3;0
12,21,31,34,38,39;3,0,0,0,2,1;1.3,1.1,2.5,5.5,3.1,4.2;0
12,21,31,34,39,39;2,0,0,0,0,2;1.3,1.1,2.5,5.5,2.2,4.3;0
12,21,31,35,35,39;2,0,0,0,2,2;3.1,1.1,4.3,2.5,4.5,1.3;0
12,21,31,39,39,39;2,0,0,2,0,2;3.1,1.1,4.3,1.3,2.5,4.6;0
12,21,32,32,32,38;2,0,0,3,1,1;3.1,1.1,1.3,3.5,3.6,3.3;0
12,21,32,32,33,34;2,0,0,1,0,0;3.1,1.1,1.3,3.3,3.4,5.5;0
12,21,32,32,33,35;3,2,0,2,0,1;3.5,4.7,1.1,5.2,3.0,1.3;0
12,21,32,32,33,38;2,3,3,1,0,2;2.2,2.0,2.5,3.6,5.2,1.1;0
12,21,32,32,34,37;2,2,3,1,1,1;1.2,4.7,1.1,2.5,3.2,1.4;0
12,21,32,32,38,39;3,2,3,2,1,0;3.5,4.7,1.1,5.2,1.2,1.4;0
12,21,32,33,34,39;3,2,2,0,0,0;3.5,4.7,5.2,1.2,3.2,1.1;0
12,21,32,33,35,39;3,1,2,0,2,1;3.3,2.4,1.1,5.2,4.5,2.0;0
12,21,32,34,36,39;2,3,0,0,1,1;1.1,2.0,3.5,5.5,3.3,1.3;0
12,21,32,35,39,39;3,1,2,3,1,3;1.1,3.5,3.0,4.3,1.3,4.5;0
12,21,32,39,39,39;3,2,2,1,2,3;1.1,4.7,3.0,1.3,3.5,4.3;0
12,21,33,35,35,38;2,3,0,0,2,2;2.2,2.0,5.2,2.5,4.5,1.1;0
12,21,33,38,39,39;2,3,0,1,1,2;1.1,2.0,5.2,1.3,2.4,4.6;0
12,22,30,31,32,34;0,0,1,2,1,0;2.3,1.4,5.3,3.0,3.6,1.1;0
12,22,31,32,32,34;3,0,2,1,1,0;5.4,1.4,3.0,2.3,3.6,1.1;0
12,22,31,32,34,35;0,0,2,1,0,0;4.3,3.4,3.0,3.6,1.1,1.4;0
12,22,31,34,35,38;2,0,0,0,2,2;4.2,2.3,2.5,5.5,2.0,1.1;0
12,22,32,32,34,39;2,1,2,0,0,1;2.0,2.4,1.1,3.5,5.5,4.2;0
12,22,32,32,36,39;3,1,2,0,2,1;1.1,5.6,3.0,3.5,4.3,1.3;0
12,22,32,33,39,39;3,1,2,0,1,2;1.1,3.5,3.0,5.2,1.3,4.6;0
12,23,30,32,32,33;2,1,0,3,1,0;3.4,1.2,2.2,1.1,3.6,5.2;0
12,23,30,32,32,38;3,1,1,3,1,1;5.4,1.2,3.3,1.1,3.6,2.2;0
12,23,30,32,33,39;1,1,0,3,0,2;3.4,1.2,2.2,1.1,5.2,4.6;0
12,23,31,32,32,38;1,1,3,3,1,1;3.3,1.2,4.5,1.1,3.6,2.2;0
12,23,31,32,33,39;2,1,3,1,0,0;3.4,1.2,2.3,3.6,5.2,1.1;0
12,23,31,33,39,39;1,1,3,0,0,2;3.4,1.2,2.3,5.2,1.1,4.6;0
12,23,32,32,35,38;2,1,3,1,2,3;2.2,1.2,1.1,3.6,4.2,3.4;0
12,23,32,32,38,39;1,1,3,0,1,3;3.3,1.2,1.1,5.4,2.2,3.6;0
12,23,32,33,34,35;2,1,3,0,0,2;2.2,1.2,1.1,3.4,5.5,4.2;0
12,24,30,30,31,32;3,1,1,0,2,1;2.4,1.1,2.0,4.4,4.1,3.6;0
12,24,30,30,32,32;2,1,0,1,1,1;2.0,1.1,2.4,5.3,2.2,3.6;0
12,24,30,30,32,39;3,3,1,0,3,0;4.6,5.4,1.2,3.2,1.1,2.5;0
12,24,30,31,31,32;3,2,0,2,0,1;1.1,2.5,1.3,3.0,4.3,3.6;0
12,24,30,31,31,39;3,1,1,2,0,3;2.4,1.1,2.0,4.1,4.4,3.6;0
12,24,30,31,32,32;3,1,1,3,1,2;2.4,1.1,2.0,4.5,3.6,4.1;0
12,24,30,31,32,38;3,1,1,2,0,2;5.5,1.1,2.0,4.1,2.4,4.4;0
12,24,30,32,32,33;3,0,1,3,1,0;3.4,2.2,5.3,1.1,3.6,1.2;0
12,24,30,32,32,39;3,1,1,2,0,3;2.4,1.1,2.0,4.1,5.4,3.6;0
12,24,30,32,33,33;3,2,0,1,0,0;1.1,2.5,1.3,3.6,3.0,5.2;0
12,24,31,32,32,33;2,0,0,3,1,0;3.4,2.2,4.3,1.1,3.6,1.2;0
12,24,31,32,33,39;3,2,2,1,0,0;3.2,2.5,1.2,3.6,5.2,1.1;0
12,24,31,32,39,39;3,3,1,3,1,0;4.6,5.4,1.2,1.1,2.4,3.3;0
12,24,31,33,39,39;2,1,0,0,1,2;2.0,1.1,2.2,5.2,2.4,4.6;0
12,24,31,34,35,35;2,1,0,0,2,2;2.0,1.1,2.5,5.5,2.2,4.2;0
12,24,32,32,35,39;3,2,2,1,3,1;1.1,3.5,3.0,3.6,4.3,1.3;0
12,24,32,33,39,39;3,3,2,0,0,3;4.6,5.4,3.3,1.2,1.1,3.2;0
12,24,32,39,39,39;3,3,2,1,1,0;4.6,5.4,1.1,2.0,2.4,3.3;0
12,24,33,34,35,39;3,3,0,0,3,0;4.6,5.4,1.2,3.4,3.2,1.1;0
12,25,30,30,32,33;2,3,0,1,1,1;2.0,1.1,2.4,5.3,3.6,2.3;0
12,25,30,30,32,34;2,3,1,0,1,1;2.0,1.1,2.3,4.4,3.6,3.2;0
12,25,30,30,32,39;2,3,1,0,1,1;4.2,1.1,2.3,4.4,3.6,2.0;0
12,25,30,31,32,39;3,1,1,1,3,3;2.4,5.5,4.2,1.2,1.1,3.6;0
12,25,30,31,34,39;2,3,1,0,1,3;2.0,1.1,2.3,4.4,3.2,3.6;0
12,25,30,31,39,39;2,3,1,0,1,3;4.2,1.1,2.3,4.4,2.0,3.6;0
12,25,30,32,34,38;3,1,1,3,1,2;5.5,2.5,1.2,1.1,3.2,4.4;0
12,25,30,32,34,39;2,3,0,1,0,3;4.2,3.0,4.4,3.6,1.1,1.4;0
12,25,30,32,39,39;3,1,1,2,1,3;2.4,5.5,4.2,1.1,2.0,3.6;0
12,25,31,31,32,34;2,0,1,0,3,0;4.2,2.4,1.2,2.5,1.1,5.5;0
12,25,31,31,32,39;2,1,2,0,1,3;2.0,5.5,1.1,3.2,1.4,3.6;0
12,25,31,32,32,35;2,2,0,3,2,3;1.3,1.2,2.5,1.1,5.4,4.3;0
12,25,31,32,32,39;2,1,0,3,1,3;1.2,5.5,3.2,1.1,1.4,3.6;0
12,25,31,32,34,34;2,0,0,2,1,0;2.0,2.4,2.5,1.1,3.2,5.5;0
12,25,31,32,34,39;2,2,0,3,0,2;1.3,1.2,2.5,1.1,5.5,4.3;0
12,25,31,32,39,39;2,1,0,2,2,3;2.0,5.5,3.2,1.1,2.4,3.6;0
12,25,31,34,35,39;2,3,0,0,2,2;2.0,1.1,2.5,5.5,4.2,2.3;0
12,25,31,34,39,39;2,3,0,0,1,1;2.3,1.1,2.5,5.5,2.0,4.2;0
12,25,32,32,39,39;3,0,2,1,1,3;1.1,3.5,3.0,3.6,1.3,4.3;0
12,25,32,33,38,39;3,3,3,0,2,1;5.5,1.1,3.3,2.3,4.4,2.0;0
12,25,32,34,34,39;2,3,0,0,0,1;2.0,1.1,3.5,2.3,5.5,4.2;0
12,25,32,34,39,39;3,3,0,0,1,1;1.1,3.0,3.5,5.5,1.3,4.2;0
12,25,33,35,39,39;2,3,0,1,0,2;2.0,1.1,5.2,2.4,2.3,4.6;0
12,26,32,32,34,39;3,0,2,0,0,1;1.1,4.3,3.0,3.5,5.5,1.3;0
12,27,30,31,32,34;2,1,1,2,1,1;2.0,3.2,5.3,1.1,3.6,1.4;0
12,27,30,32,32,34;2,1,1,3,1,1;1.2,3.2,5.3,1.1,3.6,1.4;0
12,27,30,32,32,39;2,2,0,3,1,3;2.0,1.1,4.4,3.3,3.6,1.4;0
12,27,30,32,36,39;2,2,1,1,2,0;2.4,1.2,5.3,3.6,3.2,1.1;0
12,27,30,32,39,39;2,0,0,2,1,2;2.0,4.4,3.2,1.1,2.4,4.6;0
12,27,31,32,34,39;2,2,0,3,0,1;2.0,1.1,2.5,1.4,5.5,4.2;0
12,27,31,32,39,39;2,2,3,1,3,0;2.0,1.1,4.5,3.6,1.4,3.3;0
12,27,31,33,34,35;2,2,0,1,0,2;2.0,1.1,2.5,1.4,5.5,4.2;0
12,27,32,32,33,39;3,3,2,1,0,1;1.1,3.5,3.0,3.6,5.2,1.3;0
12,27,32,34,39,39;2,2,0,0,0,1;2.0,1.1,3.5,5.5,1.4,4.2;0
12,27,32,39,39,39;2,2,0,3,0,3;2.0,1.1,5.4,1.4,3.3,3.6;0
12,27,35,35,38,39;2,2,0,0,0,3;2.0,1.1,3.3,3.6,5.3,1.4;0
12,28,30,30,32,32;2,2,0,1,3,1;4.2,3.6,1.2,5.4,1.1,1.4;0
12,28,30,31,31,39;1,1,0,2,0,0;5.5,3.2,4.3,1.2,2.5,1.1;0
12,28,30,31,32,34;2,2,1,2,1,1;2.0,3.6,5.4,1.1,1.4,3.2;0
12,28,30,31,32,37;3,2,1,2,1,1;1.1,3.6,5.4,3.0,1.4,1.3;0
12,28,30,31,32,38;1,2,1,2,1,0;1.1,3.6,5.4,4.1,1.4,2.0;0
12,28,30,31,32,39;2,2,1,1,3,2;4.2,3.6,5.4,1.2,1.1,2.4;0
12,28,30,32,32,34;2,2,1,3,1,1;1.2,3.6,5.4,1.1,1.4,3.2;0
12,28,30,32,32,39;3,2,0,3,1,1;5.5,3.6,1.2,1.1,1.4,4.2;0
12,28,30,32,33,39;3,1,1,1,0,0;3.4,3.2,5.3,3.6,1.2,1.1;0
12,28,30,32,34,39;2,2,1,2,1,2;2.0,3.6,5.4,1.1,3.2,2.4;0
12,28,30,32,39,39;2,2,1,2,1,2;4.2,3.6,5.4,1.1,2.0,2.4;0
12,28,30,33,33,39;1,1,0,0,0,0;5.5,3.2,4.3,1.2,3.4,1.1;0
12,28,30,35,35,38;2,2,1,2,2,2;4.2,3.6,5.4,2.0,2.3,1.1;0
12,28,31,32,33,39;2,1,0,1,0,0;3.4,3.2,4.3,3.6,1.2,1.1;0
12,28,31,32,34,38;2,2,2,1,0,1;4.4,1.4,3.0,3.6,1.1,3.3;0
12,28,31,32,34,39;3,2,2,1,0,3;5.5,3.6,3.0,3.3,1.1,1.4;0
12,28,31,32,39,39;3,2,1,3,2,1;5.5,3.6,1.2,1.1,2.4,4.2;0
12,28,31,33,34,35;3,2,2,1,0,0;5.5,3.6,3.0,3.4,1.1,1.4;0
12,28,31,33,39,39;1,1,0,0,0,2;3.4,3.2,4.3,1.2,1.1,4.6;0
12,28,31,34,35,38;2,2,2,0,0,0;3.3,1.4,3.0,1.1,3.6,5.3;0
12,28,32,34,39,39;3,2,2,0,3,2;5.5,3.6,3.0,1.1,1.4,4.3;0
12,28,32,39,39,39;3,2,2,1,2,1;5.5,3.6,1.1,2.0,2.4,4.2;0
12,28,35,35,38,39;3,2,2,2,2,1;5.5,3.6,2.0,2.3,1.1,4.2;0
12,29,30,30,32,33;0,0,1,1,3,0;2.5,4.7,1.2,3.2,1.1,5.2;0
12,29,30,31,32,32;0,0,1,3,3,1;3.2,2.5,1.2,4.5,1.1,3.6;0
12,29,30,31,32,34;1,0,1,0,3,0;3.2,4.4,1.2,2.5,1.1,5.5;0
12,29,30,31,33,34;3,0,0,0,0,0;1.1,4.4,1.3,2.5,3.0,5.5;0
12,29,30,32,32,39;0,0,1,3,0,3;3.2,2.5,1.2,1.1,5.4,3.6;0
12,29,30,32,33,33;0,0,1,3,0,0;2.2,4.7,3.4,1.1,1.2,5.2;0
12,29,30,32,33,39;2,3,1,2,0,2;2.0,2.4,3.2,1.1,5.2,4.6;0
12,29,30,33,33,39;3,0,1,0,0,0;3.2,4.7,3.4,1.2,5.2,1.1;0
12,29,31,31,32,33;0,0,1,3,3,0;2.5,4.7,1.2,2.4,1.1,5.2;0
12,29,31,31,32,34;0,0,2,0,3,0;2.5,4.7,3.0,4.3,1.4,1.1;0
12,29,31,31,32,35;3,0,2,0,0,1;3.5,4.7,3.0,4.3,1.1,1.3;0
12,29,31,31,34,39;3,0,2,0,0,0;3.5,4.7,3.0,4.3,1.1,1.4;0
12,29,31,32,33,39;3,3,1,3,0,2;3.3,2.4,1.2,1.1,5.2,4.6;0
12,29,31,32,34,35;2,0,0,2,0,2;2.0,2.4,2.5,1.1,5.5,4.2;0
12,29,31,33,37,38;1,0,0,0,2,0;1.1,4.7,1.4,5.2,4.1,2.0;0
12,29,32,32,32,39;1,3,3,1,0,3;5.5,1.3,1.1,1.2,3.5,4.3;0
12,29,32,32,33,38;0,0,3,3,0,1;2.5,4.7,1.1,1.4,5.2,1.2;0
12,29,32,32,34,39;0,3,3,0,0,1;1.2,1.3,1.1,3.5,5.5,4.2;0
12,29,32,33,33,34;0,0,3,0,0,0;2.5,4.7,1.4,3.0,5.2,1.1;0
12,29,32,33,33,35;3,0,0,0,0,1;3.5,4.7,1.1,3.0,5.2,1.3;0
12,29,32,33,38,39;3,0,3,0,1,0;3.5,4.7,1.1,5.2,1.2,1.4;0
12,29,32,33,39,39;3,3,2,0,1,2;3.3,2.4,1.1,5.2,2.0,4.6;0
12,29,32,34,35,39;2,3,0,0,1,1;2.0,1.1,3.5,5.5,1.3,4.2;0
12,29,33,33,34,39;3,0,0,0,0,0;3.5,4.7,1.2,5.2,3.2,1.1;0
13,13,30,30,31,31;0,2,0,0,0,2;1.1,4.6,1.2,4.4,1.4,4.1;1
13,13,30,30,32,32;0,2,1,1,3,1;2.5,3.2,1.2,5.3,1.1,3.6;1
13,13,30,30,32,39;2,2,1,1,3,0;3.2,4.6,1.2,5.3,1.1,2.5;0
13,13,30,30,36,36;0,2,1,1,0,2;1.1,4.6,1.2,5.3,2.5,3.2;1
13,13,30,30,39,39;0,2,1,1,0,2;1.1,4.6,1.2,5.3,2.5,3.2;1
13,13,30,31,31,31;1,2,0,2,0,2;2.0,4.6,4.4,1.1,1.4,4.1;0
13,13,30,31,31,32;0,2,0,1,2,0;1.1,4.6,4.4,1.2,4.1,2.4;0
13,13,30,31,32,32;2,2,0,0,3,3;1.2,4.6,4.4,1.4,1.1,3.3;0
13,13,30,31,32,38;2,1,0,0,3,2;4.6,5.3,1.2,1.4,1.1,4.2;0
13,13,30,31,32,39;3,2,0,0,3,1;1.1,4.6,4.4,1.4,3.3,2.0;0
13,13,30,32,32,32;2,1,1,3,3,1;3.2,5.3,1.2,1.1,2.5,3.6;0
13,13,30,32,32,39;3,2,1,3,1,0;1.2,4.6,5.3,1.1,2.2,2.5;0
13,13,30,32,33,36;0,2,1,2,0,1;1.1,4.6,5.3,3.3,1.2,2.2;0
13,13,30,32,35,35;2,1,1,3,0,2;3.2,5.3,1.2,1.1,2.5,4.5;0
13,13,30,32,39,39;2,1,1,3,0,2;3.2,5.3,1.2,1.1,2.5,4.6;0
13,13,30,35,35,39;3,2,1,0,2,0;1.2,4.6,5.3,1.1,3.1,2.5;0
13,13,30,36,36,39;3,2,1,0,2,0;1.2,4.6,5.3,2.5,3.2,1.1;0
13,13,30,39,39,39;3,2,1,0,0,2;1.2,4.6,5.3,1.1,2.5,3.2;0
13,13,31,31,31,31;1,3,2,0,2,0;2.0,4.5,1.1,1.4,4.1,4.4;1
13,13,31,31,31,32;1,2,2,0,3,2;2.0,4.6,1.1,1.4,4.5,4.1;0
13,13,31,31,32,32;2,3,0,0,3,3;1.2,4.5,1.4,4.4,1.1,3.3;0
13,13,31,31,32,39;2,2,0,3,3,0;1.2,4.6,1.4,4.5,1.1,3.3;0
13,13,31,31,34,34;0,2,0,2,0,0;1.4,4.3,2.5,3.0,1.1,5.5;1
13,13,31,31,38,39;2,1,2,0,2,1;4.6,5.3,1.1,1.4,4.2,2.0;0
13,13,31,31,39,39;3,2,0,3,1,0;1.1,4.6,1.4,4.5,2.0,3.3;0
13,13,31,32,32,32;2,0,3,3,1,1;1.2,3.3,4.5,1.1,1.4,3.6;0
13,13,31,32,32,38;2,1,1,3,0,2;4.6,5.3,1.2,1.1,2.4,4.2;0
13,13,31,32,32,39;2,3,0,3,0,0;1.2,4.5,1.4,1.1,5.4,3.3;0
13,13,31,32,33,36;3,2,0,3,0,3;1.2,4.6,2.2,1.1,5.2,2.5;0
13,13,31,32,34,35;1,2,2,0,0,1;3.5,4.3,3.0,1.1,5.5,1.3;0
13,13,31,32,39,39;1,2,3,2,1,0;2.4,4.6,4.5,1.1,2.0,3.3;0
13,13,31,34,34,39;1,2,2,0,0,0;3.5,4.3,3.0,1.1,5.5,1.4;0
13,13,32,32,32,32;2,0,3,1,3,1;1.2,4.5,1.1,1.4,3.3,3.6;1
13,13,32,32,32,39;2,0,3,1,0,3;1.2,3.3,1.1,1.4,5.4,3.6;0
13,13,32,32,35,35;3,1,0,2,1,3;3.0,3.5,1.1,5.4,1.3,4.3;1
13,13,32,32,38,38;3,1,3,1,0,2;1.2,5.3,1.1,3.6,2.2,4.2;1
13,13,32,32,38,39;2,1,2,0,2,1;4.6,5.3,1.1,2.4,4.2,2.0;0
13,13,32,32,39,39;2,0,2,0,1,3;2.4,3.3,1.1,5.4,2.0,3.6;1
13,13,32,33,36,39;3,2,0,0,3,0;1.2,4.6,3.2,5.2,2.5,1.1;0
13,13,32,34,35,39;3,1,2,0,3,0;3.0,3.5,5.4,1.1,4.3,1.4;0
13,13,34,34,36,36;3,1,0,0,3,1;3.0,3.5,1.1,5.5,1.4,3.3;1
13,13,34,34,39,39;3,1,0,0,0,2;3.0,3.5,1.1,5.5,1.4,4.3;1
13,13,35,35,35,35;3,1,0,0,2,2;1.2,5.3,1.1,2.5,3.1,4.5;1
13,13,35,35,39,39;3,1,0,2,0,2;1.2,5.3,2.5,4.5,1.1,3.2;0
13,13,36,36,39,39;3,1,0,2,0,2;1.2,5.3,2.5,3.2,1.1,4.6;1
13,13,39,39,39,39;3,1,0,0,2,2;1.2,5.3,1.1,2.5,3.2,4.6;1
13,14,30,30,32,32;3,1,1,1,3,1;5.2,2.5,1.2,3.2,1.1,3.6;0
13,14,30,31,31,34;0,1,0,0,2,0;1.1,1.4,1.2,2.5,4.1,5.5;0
13,14,30,31,32,32;0,1,1,1,3,1;4.4,2.5,1.2,3.2,1.1,3.6;0
13,14,30,31,32,34;0,1,0,2,1,0;1.4,2.5,4.3,3.0,3.6,1.1;0
13,14,30,31,32,37;0,1,0,2,1,1;1.1,2.5,1.2,4.1,3.6,1.4;0
13,14,30,31,33,39;0,2,0,0,0,2;1.1,4.1,1.2,1.4,5.2,4.6;0
13,14,30,32,38,39;0,1,1,1,3,3;1.1,2.5,1.2,3.6,3.3,3.2;0
13,14,31,31,31,34;1,1,2,0,2,0;2.0,1.4,1.1,2.5,4.1,5.5;0
13,14,31,31,32,32;3,1,1,3,3,1;5.2,2.5,1.2,2.4,1.1,3.6;0
13,14,31,31,32,37;1,1,2,2,1,1;2.0,2.5,1.1,4.1,3.6,1.4;0
13,14,31,31,33,39;1,2,2,0,0,2;2.0,4.1,1.1,1.4,5.2,4.6;0
13,14,31,32,32,32;0,1,2,3,1,1;4.4,2.5,1.2,1.1,2.2,3.6;0
13,14,31,32,32,34;2,1,0,3,3,0;1.2,1.4,2.5,1.1,3.3,5.5;0
13,14,31,32,32,39;3,1,2,0,1,0;5.2,2.5,1.2,3.2,3.6,1.1;0
13,14,31,32,33,34;0,1,2,1,1,0;4.4,2.5,3.0,3.6,1.4,1.1;0
13,14,31,32,33,39;0,2,1,0,0,2;1.1,4.1,1.2,2.4,5.2,4.6;0
13,14,31,32,34,39;3,1,0,3,0,1;1.1,1.4,2.5,3.3,5.5,2.0;0
13,14,31,32,35,35;0,1,2,1,0,2;4.4,2.5,1.2,3.6,1.1,3.1;0
13,14,31,32,39,39;0,1,2,1,0,2;4.4,2.5,1.2,3.6,1.1,3.2;0
13,14,32,32,32,37;2,1,3,3,1,1;1.2,2.5,1.1,3.3,3.6,1.4;0
13,14,32,32,32,38;3,1,3,3,1,1;5.2,2.5,1.1,1.4,3.6,1.2;0
13,14,32,32,33,34;3,1,3,1,0,0;5.2,2.5,1.4,3.6,3.0,1.1;0
13,14,32,32,33,39;1,2,2,0,0,2;2.0,4.1,1.1,2.4,5.2,4.6;0
13,14,32,32,34,39;3,1,3,1,0,3;3.0,2.5,1.4,3.6,1.1,4.3;0
13,14,32,32,37,39;3,1,3,1,1,1;1.1,2.5,3.3,3.6,1.4,2.0;0
13,14,32,38,39,39;3,1,1,3,0,3;1.2,2.5,3.6,3.3,1.1,3.2;0
13,15,30,31,31,39;0,3,0,0,2,2;1.1,4.4,1.2,1.4,4.1,4.6;0
13,15,30,31,32,35;2,0,0,0,3,2;4.6,1.1,4.4,1.4,3.3,2.0;0
13,15,30,31,32,39;0,3,0,2,1,3;1.1,1.2,4.4,4.1,3.6,1.4;0
13,15,30,32,32,33;0,0,1,3,1,1;2.5,1.2,5.3,1.1,3.6,2.3;0
13,15,30,32,33,39;2,0,1,3,1,0;4.6,1.2,5.3,1.1,2.3,2.5;0
13,15,31,31,31,39;1,3,2,0,2,2;2.0,4.4,1.1,1.4,4.1,4.6;0
13,15,31,31,32,34;0,3,0,2,2,0;1.4,4.3,2.5,3.0,5.4,1.1;0
13,15,31,31,32,35;3,0,0,0,3,2;4.5,1.1,1.4,4.4,3.3,2.0;0
13,15,31,31,32,39;0,3,1,2,0,2;1.1,4.4,1.2,4.1,2.4,4.6;0
13,15,31,31,35,39;2,0,0,3,2,0;4.6,1.1,1.4,4.5,2.0,3.3;0
13,15,31,31,39,39;0,3,2,0,3,3;1.1,1.2,4.1,4.4,1.4,3.6;0
13,15,31,32,32,33;0,0,3,3,1,0;1.1,1.2,2.3,2.5,3.6,5.2;0
13,15,31,32,32,35;1,3,2,0,2,1;3.5,4.3,3.0,1.1,5.4,1.3;0
13,15,31,32,32,39;0,3,3,1,2,3;1.1,1.2,4.5,3.6,4.1,1.4;0
13,15,31,32,34,39;1,3,2,2,0,0;3.5,4.3,3.0,5.4,1.1,1.4;0
13,15,31,32,35,38;2,0,0,3,0,0;1.2,4.5,1.4,1.1,3.3,5.3;0
13,15,31,32,35,39;3,0,0,0,2,0;4.5,1.1,1.4,5.4,2.0,3.3;0
13,15,31,32,39,39;3,3,0,3,1,2;1.1,4.4,1.4,3.3,2.0,4.6;0
13,15,31,33,35,35;0,0,3,0,0,2;1.1,1.2,2.3,5.2,2.5,4.5;0
13,15,31,33,39,39;0,0,3,0,0,2;1.1,1.2,2.3,5.2,2.5,4.6;0
13,15,31,35,38,39;3,0,0,0,0,1;1.1,4.5,1.4,3.3,5.3,2.0;0
13,15,32,32,32,33;0,0,3,3,1,0;2.3,1.2,1.1,2.5,3.6,5.2;0
13,15,32,32,32,35;0,0,1,3,1,2;4.5,1.1,1.4,3.3,3.6,2.0;0
13,15,32,32,33,35;1,0,3,1,0,2;5.3,3.4,1.1,2.2,1.2,4.5;0
13,15,32,32,34,35;0,0,3,1,1,2;4.5,1.2,1.1,3.6,3.2,2.3;0
13,15,32,32,35,39;0,0,1,0,2,3;3.3,1.1,1.4,5.4,2.0,3.6;0
13,15,32,32,38,39;1,3,3,1,2,3;5.3,1.2,1.1,3.6,4.2,1.4;0
13,15,32,32,39,39;0,3,2,0,3,3;1.1,1.2,4.1,5.4,1.4,3.6;0
13,15,32,33,35,35;0,0,3,0,0,2;2.3,1.2,1.1,5.2,2.5,4.5;0
13,15,32,33,39,39;0,0,3,0,0,2;2.3,1.2,1.1,5.2,2.5,4.6;0
13,15,32,34,35,39;1,0,3,1,2,3;5.4,1.2,1.1,3.2,2.3,3.6;0
13,15,32,34,36,39;1,3,3,0,3,1;3.5,1.2,1.1,5.5,1.4,4.2;0
13,15,32,35,38,38;3,0,3,0,0,0;1.2,4.2,1.1,3.6,2.2,5.3;0
13,15,32,35,38,39;1,0,2,0,0,1;2.4,4.5,1.1,3.3,5.3,2.0;0
13,15,32,35,39,39;0,0,0,2,3,3;1.1,1.2,5.4,2.3,3.2,3.6;0
13,15,33,35,35,35;1,0,0,0,2,2;5.3,3.4,1.2,1.1,3.1,4.5;0
13,15,33,35,39,39;1,0,0,2,0,2;5.3,3.4,1.2,4.5,1.1,3.2;0
13,17,31,32,34,39;3,2,0,3,0,1;1.2,2.2,2.5,1.1,5.5,4.2;0
13,17,32,33,34,39;3,2,1,0,0,3;3.0,3.3,3.6,5.2,1.1,1.4;0
13,18,30,30,31,31;2,2,1,0,0,2;4.6,1.1,2.0,4.4,1.4,4.1;0
13,18,30,30,31,32;2,3,0,1,0,3;4.6,4.5,1.2,4.2,1.4,1.1;0
13,18,30,31,31,31;3,2,1,0,2,0;4.5,1.1,2.0,1.4,4.1,4.4;0
13,18,30,31,31,32;2,2,1,0,3,2;4.6,1.1,2.0,1.4,4.5,4.1;0
13,18,30,31,31,34;2,0,1,0,2,0;4.6,2.3,5.3,1.4,3.0,1.1;0
13,18,30,31,31,39;2,3,1,2,0,1;4.6,4.5,4.2,1.1,1.4,2.0;0
13,18,30,31,32,32;2,0,1,0,3,3;1.2,4.4,4.5,1.4,1.1,3.3;0
13,18,30,31,32,34;2,1,1,0,3,0;4.3,3.2,1.2,2.5,1.1,5.5;0
13,18,30,31,32,39;3,0,1,0,3,1;1.1,4.4,4.5,1.4,3.3,2.0;0
13,18,30,32,32,32;3,1,0,3,3,1;2.3,1.2,4.4,1.1,3.3,3.6;0
13,18,30,32,32,33;2,1,0,3,3,0;4.6,1.2,4.4,1.1,3.3,2.3;0
13,18,30,32,32,38;3,3,1,3,1,0;1.2,4.5,4.2,1.1,3.6,2.2;0
13,18,30,32,32,39;2,3,1,2,0,1;4.6,4.5,4.2,1.1,2.4,2.0;0
13,18,31,31,34,39;3,2,0,2,0,0;1.2,3.2,2.5,4.1,5.5,1.1;0
13,18,31,32,32,33;3,1,0,3,3,0;4.5,1.2,4.4,1.1,3.3,2.3;0
13,18,31,32,32,35;2,2,0,3,2,3;2.2,1.2,2.5,1.1,5.4,4.3;0
13,18,31,32,32,39;3,1,3,3,1,0;2.3,1.2,4.5,1.1,3.6,3.3;0
13,18,31,32,33,39;2,1,3,3,0,0;4.6,1.2,4.5,1.1,2.3,3.3;0
13,18,31,32,34,35;2,1,0,3,0,2;2.3,1.2,2.5,1.1,5.5,4.2;0
13,18,31,32,34,39;2,2,0,3,0,2;2.2,1.2,2.5,1.1,5.5,4.3;0
13,18,31,33,34,39;3,0,0,0,0,2;3.0,2.3,1.4,5.2,1.1,4.6;0
13,18,32,32,33,39;3,1,3,0,0,0;4.5,1.2,1.1,5.4,2.3,3.3;0
13,18,32,32,34,39;3,2,2,1,0,3;5.2,4.3,3.0,3.6,1.1,1.4;0
13,18,32,32,39,39;3,1,3,0,0,3;2.3,1.2,1.1,5.4,3.3,3.6;0
13,18,32,33,36,39;3,0,3,0,0,2;1.2,2.2,1.1,5.2,2.5,4.6;0
13,18,32,35,35,38;3,1,3,0,0,0;2.3,1.2,1.1,3.3,3.6,5.3;0
13,19,30,30,31,32;2,1,0,1,0,3;4.6,4.2,1.2,5.3,1.4,1.1;0
13,19,30,31,31,34;0,1,0,0,2,0;1.1,4.4,1.2,1.4,4.1,5.5;0
13,19,30,31,31,39;2,1,1,2,0,1;4.6,4.2,5.3,1.1,1.4,2.0;0
13,19,30,31,32,32;2,1,1,1,3,0;4.6,4.2,5.3,1.2,1.1,2.4;0
13,19,30,31,32,39;1,1,0,0,3,2;5.3,4.2,1.2,1.4,1.1,4.6;0
13,19,30,32,32,35;3,1,0,3,1,2;2.3,1.1,4.4,3.3,3.6,2.0;0
13,19,30,32,32,38;3,1,1,3,1,0;1.2,4.2,5.3,1.1,3.6,2.2;0
13,19,30,32,32,39;2,1,1,2,0,1;4.6,4.2,5.3,1.1,2.4,2.0;0
13,19,30,32,33,35;2,1,0,3,0,2;4.6,1.1,4.4,3.3,2.3,2.0;0
13,19,30,32,35,38;1,1,1,1,2,2;5.3,1.1,2.3,3.6,2.0,4.2;0
13,19,31,31,31,34;1,1,2,0,2,0;2.0,4.4,1.1,1.4,4.1,5.5;0
13,19,31,31,32,34;0,1,1,2,0,0;1.1,4.4,1.2,4.1,2.4,5.5;0
13,19,31,31,39,39;1,1,2,0,1,2;5.3,4.2,1.1,1.4,2.0,4.6;0
13,19,31,32,32,33;1,0,2,3,1,0;1.3,1.2,3.3,1.1,3.6,5.2;0
13,19,31,32,32,34;2,1,0,3,3,0;1.2,4.4,1.4,1.1,3.3,5.5;0
13,19,31,32,32,39;1,1,1,3,0,2;5.3,4.2,1.2,1.1,2.4,4.6;0
13,19,31,32,33,35;3,1,0,3,0,2;4.5,1.1,4.4,3.3,2.3,2.0;0
13,19,31,32,34,36;1,0,2,2,0,3;3.5,3.3,3.0,5.4,1.1,1.4;0
13,19,31,32,34,39;3,1,0,3,0,1;1.1,4.4,1.4,3.3,5.5,2.0;0
13,19,31,32,35,39;3,1,3,1,2,0;2.3,1.1,4.5,3.6,2.0,3.3;0
13,19,31,33,35,39;2,1,3,0,2,0;4.6,1.1,4.5,2.3,2.0,3.3;0
13,19,31,34,35,35;2,1,0,0,2,2;2.3,1.1,2.5,5.5,2.0,4.2;0
13,19,32,32,32,33;2,0,3,3,1,0;1.3,1.2,1.1,2.5,3.6,5.2;0
13,19,32,32,33,39;1,0,3,2,0,2;1.3,1.2,1.1,3.3,5.2,4.6;0
13,19,32,32,34,39;1,1,2,3,0,1;2.4,4.4,1.1,3.3,5.5,2.0;0
13,19,32,32,39,39;1,1,2,0,1,2;5.3,4.2,1.1,2.4,2.0,4.6;0
13,19,32,33,35,35;2,0,3,0,0,2;1.3,1.2,1.1,5.2,2.5,4.5;0
13,19,32,33,35,39;3,1,0,0,2,0;4.5,1.1,5.4,2.3,2.0,3.3;0
13,19,32,33,39,39;2,0,3,0,0,2;1.3,1.2,1.1,5.2,2.5,4.6;0
13,19,32,35,39,39;3,1,0,2,0,3;2.3,1.1,5.4,2.0,3.3,3.6;0
13,19,35,35,35,38;3,1,2,0,0,0;2.3,1.1,2.0,3.3,3.6,5.3;0
13,20,30,30,31,31;2,1,1,0,0,2;4.6,2.0,1.1,4.4,1.4,4.1;0
13,20,30,31,31,31;3,1,1,0,2,0;4.5,2.0,1.1,1.4,4.1,4.4;0
13,20,30,31,31,32;2,1,1,0,3,2;4.6,2.0,1.1,1.4,4.5,4.1;0
13,20,30,31,32,32;3,1,1,3,1,1;4.1,2.0,1.1,4.5,1.4,3.6;0
13,20,30,31,32,33;0,1,0,2,1,0;1.1,2.2,4.4,4.1,3.6,1.2;0
13,20,30,31,32,35;0,0,0,0,2,3;1.1,1.2,1.3,2.5,5.4,4.3;0
13,20,30,31,32,39;1,1,1,2,1,3;5.4,2.0,1.1,4.1,1.4,3.6;0
13,20,30,31,34,39;0,0,0,0,0,2;1.1,1.2,1.3,2.5,5.5,4.3;0
13,20,30,31,35,39;3,1,1,0,0,1;1.1,5.3,4.5,1.4,3.3,2.0;0
13,20,30,32,32,39;3,1,1,1,0,3;4.1,2.0,1.1,1.4,5.4,3.6;0
13,20,30,32,35,39;1,1,1,2,0,1;2.4,5.3,4.5,1.1,3.3,2.0;0
13,20,30,32,38,39;2,1,1,3,0,3;3.2,5.3,1.2,1.1,4.4,2.5;0
13,20,30,38,39,39;0,1,1,0,3,2;1.1,5.3,1.2,4.4,2.5,3.2;0
13,20,31,31,33,39;0,1,2,0,0,3;1.1,2.2,4.1,4.4,1.2,3.6;0
13,20,31,32,32,33;0,1,3,1,2,0;1.1,2.2,4.5,3.6,4.1,1.2;0
13,20,31,32,32,34;3,0,3,1,1,0;3.0,2.3,4.5,1.4,3.6,1.1;0
13,20,31,32,32,35;2,0,2,0,1,1;4.3,3.5,3.0,1.1,3.6,1.3;0
13,20,31,32,34,39;2,0,2,1,0,0;4.3,3.5,3.0,3.6,1.1,1.4;0
13,20,32,32,33,38;1,1,3,1,0,2;5.3,2.2,1.1,3.6,1.2,4.2;0
13,20,32,32,33,39;0,1,2,0,0,3;1.1,2.2,4.1,5.4,1.2,3.6;0
13,20,32,32,34,39;3,0,1,0,0,3;3.0,2.3,1.4,5.4,1.1,3.6;0
13,20,32,32,35,39;3,0,0,1,1,2;3.0,3.5,1.1,3.6,1.3,4.3;0
13,20,32,32,38,39;3,1,3,1,0,3;1.2,5.3,1.1,2.2,4.4,2.5;0
13,20,32,34,36,36;3,0,1,0,3,1;3.0,3.5,3.6,1.1,1.4,3.3;0
13,20,32,34,36,39;0,0,0,0,1,1;1.1,1.2,3.5,5.5,3.3,1.3;0
13,20,32,34,39,39;3,0,1,0,0,2;3.0,3.5,3.6,1.1,1.4,4.3;0
13,20,33,35,35,38;3,1,0,0,2,0;3.4,5.3,1.2,1.1,3.1,4.4;0
13,20,33,35,36,39;3,1,0,0,0,2;1.2,3.1,5.2,1.1,2.5,4.6;0
13,20,33,38,39,39;0,0,0,1,1,2;1.1,1.2,5.2,1.3,2.4,4.6;0
13,20,35,35,38,39;3,1,0,2,0,3;1.2,5.3,1.1,3.1,4.4,2.5;0
13,20,38,39,39,39;3,1,0,0,3,2;1.2,5.3,4.4,1.1,2.5,3.2;0
13,21,30,30,32,32;3,2,1,1,3,1;5.2,4.7,1.2,3.2,1.1,2.5;0
13,21,30,31,31,31;2,0,0,3,0,2;4.6,1.1,4.4,1.3,1.4,4.1;0
13,21,30,31,31,32;2,3,0,0,2,3;4.6,4.2,1.2,1.4,4.3,1.1;0
13,21,30,31,31,34;2,3,1,0,2,0;4.6,1.4,5.3,2.3,3.0,1.1;0
13,21,30,31,31,35;2,3,1,0,3,1;4.6,2.0,1.1,1.4,4.5,3.2;0
13,21,30,31,32,32;2,0,1,3,3,1;1.3,1.1,5.3,2.5,2.2,3.6;0
13,21,30,31,32,34;2,0,0,0,3,0;4.3,1.1,1.3,2.5,2.2,5.5;0
13,21,30,31,32,35;2,2,0,2,0,1;3.5,4.7,4.3,3.0,1.1,1.3;0
13,21,30,31,32,37;2,0,0,2,0,2;4.6,1.1,4.4,4.1,1.3,3.1;0
13,21,30,31,34,39;2,2,0,2,0,0;3.5,4.7,4.3,3.0,1.1,1.4;0
13,21,30,32,32,39;2,0,1,0,2,1;4.6,1.1,5.3,1.3,3.3,3.1;0
13,21,30,32,35,39;2,0,1,2,1,1;4.6,3.3,5.3,1.1,2.4,2.0;0
13,21,30,32,38,39;2,0,1,3,1,1;4.6,1.1,5.3,2.2,1.3,2.4;0
13,21,30,32,39,39;2,2,1,3,3,0;3.2,4.7,1.2,1.1,2.5,4.4;0
13,21,30,35,35,39;2,0,1,3,1,1;4.6,1.1,5.3,1.3,2.4,3.1;0
13,21,30,39,39,39;2,0,1,2,0,1;4.6,1.1,5.3,1.3,2.5,3.1;0
13,21,31,31,31,31;3,0,3,0,2,0;4.5,1.1,1.3,1.4,4.1,4.4;0
13,21,31,31,31,32;2,0,3,0,3,2;4.6,1.1,1.3,1.4,4.5,4.1;0
13,21,31,31,31,39;2,3,2,0,2,1;4.6,4.2,1.1,1.4,4.3,2.0;0
13,21,31,31,32,32;2,2,0,1,3,3;1.2,4.7,1.4,4.4,1.1,3.3;0
13,21,31,31,32,34;2,3,2,3,1,0;4.6,1.4,3.0,4.5,2.3,1.1;0
13,21,31,31,32,37;3,0,2,0,0,2;4.5,1.1,4.1,4.4,1.3,3.1;0
13,21,31,31,32,39;3,2,0,1,3,1;1.1,4.7,1.4,4.4,3.3,2.0;0
13,21,31,31,34,34;2,1,3,0,0,0;4.3,3.0,1.4,2.5,1.1,5.5;0
13,21,31,31,34,39;3,1,0,2,0,0;1.2,4.1,2.5,3.2,5.5,1.1;0
13,21,31,32,32,32;2,0,0,3,3,1;1.3,1.1,4.3,2.2,2.5,3.6;0
13,21,31,32,32,33;3,2,0,3,2,0;3.4,4.7,2.2,1.1,5.2,1.2;0
13,21,31,32,32,34;3,3,2,1,0,0;4.5,1.4,3.0,2.3,5.4,1.1;0
13,21,31,32,32,37;2,0,3,0,2,2;4.6,1.1,4.5,1.3,4.1,3.1;0
13,21,31,32,32,38;3,3,2,3,1,0;1.2,4.2,4.3,1.1,3.6,2.2;0
13,21,31,32,32,39;2,1,2,0,0,3;3.3,1.3,3.0,1.1,5.4,3.6;0
13,21,31,32,33,34;2,0,0,3,1,0;1.3,1.1,2.5,2.2,3.4,5.5;0
13,21,31,32,34,35;3,2,3,1,0,0;3.0,3.4,4.5,3.6,1.1,1.4;0
13,21,31,32,35,35;2,0,0,3,0,2;1.3,1.1,4.3,2.2,2.5,4.5;0
13,21,31,32,35,38;3,1,2,0,1,0;4.3,3.5,3.0,1.1,1.3,5.3;0
13,21,31,32,35,39;3,2,3,1,3,0;1.2,2.5,4.5,3.6,3.2,1.1;0
13,21,31,32,39,39;2,0,0,3,0,2;1.3,1.1,4.3,2.2,2.5,4.6;0
13,21,31,33,34,39;3,3,0,0,0,2;3.0,1.4,2.3,5.2,1.1,4.6;0
13,21,31,34,38,39;3,1,2,0,0,0;4.3,3.5,3.0,1.1,5.3,1.4;0
13,21,32,32,32,37;2,2,3,1,3,1;1.2,4.7,1.1,2.5,3.3,1.4;0
13,21,32,32,32,38;3,2,3,3,1,1;5.2,4.7,1.1,1.4,2.5,1.2;0
13,21,32,32,33,34;3,2,3,1,0,0;5.2,4.7,1.4,2.5,3.0,1.1;0
13,21,32,32,33,39;2,3,3,0,0,2;1.2,1.4,1.1,3.3,5.2,4.6;0
13,21,32,32,34,39;3,2,3,1,0,3;3.0,4.7,1.4,2.5,1.1,4.3;0
13,21,32,32,37,39;3,2,1,3,1,1;1.1,4.7,2.5,3.3,1.4,2.0;0
13,21,32,32,39,39;3,2,3,1,3,0;1.2,4.7,1.1,2.2,2.5,4.4;0
13,21,32,33,35,39;3,2,0,0,1,2;5.2,4.7,1.1,3.0,1.3,3.5;0
13,21,32,33,39,39;3,3,0,0,1,2;1.1,1.4,3.3,5.2,2.0,4.6;0
13,21,32,34,35,39;3,2,0,0,0,3;3.0,3.4,5.4,1.1,1.4,3.6;0
13,21,32,34,36,39;2,2,2,0,3,3;3.5,4.7,3.0,1.1,1.4,4.3;0
13,21,32,34,38,39;3,2,2,0,0,3;3.0,4.7,5.2,1.1,3.3,1.4;0
13,21,32,35,35,38;3,2,3,0,2,1;5.2,4.7,1.1,1.4,3.4,1.2;0
13,21,32,35,35,39;3,1,0,1,3,3;3.0,3.5,1.1,1.3,4.3,4.5;0
13,21,32,35,39,39;3,2,0,1,2,3;3.0,4.7,1.1,1.3,3.5,4.3;0
13,21,32,38,39,39;3,2,3,1,0,2;5.2,4.7,1.1,1.2,1.4,3.5;0
13,21,33,34,35,35;3,2,0,0,0,2;5.2,4.7,3.0,1.1,1.4,3.4;0
13,21,33,34,39,39;3,2,0,0,0,2;5.2,4.7,1.2,3.2,1.1,3.5;0
13,21,33,35,35,39;3,2,0,3,1,0;3.4,4.7,1.2,3.2,4.3,1.1;0
13,21,33,38,39,39;2,2,0,3,0,3;3.5,4.7,1.2,3.3,1.1,3.2;0
13,21,33,39,39,39;3,2,0,0,2,0;3.4,4.7,1.2,1.1,3.2,4.4;0
13,21,34,35,35,39;3,2,0,0,2,3;3.0,4.7,1.1,1.4,3.4,4.3;0
13,21,34,35,39,39;3,1,0,3,0,3;3.0,3.5,1.1,4.3,1.4,4.5;0
13,21,34,39,39,39;3,2,0,0,2,3;3.0,4.7,1.1,1.4,3.5,4.3;0
13,21,35,35,39,39;3,2,3,1,0,3;1.2,4.7,3.2,4.3,1.1,2.5;0
13,21,39,39,39,39;3,2,0,3,2,0;1.2,4.7,1.1,2.5,3.2,4.4;0
13,22,30,31,32,35;2,1,1,2,0,1;4.6,3.5,5.3,3.0,1.1,1.3;0
13,22,30,31,34,39;2,1,1,2,0,0;4.6,3.5,5.3,3.0,1.1,1.4;0
13,22,31,32,32,38;1,1,1,3,3,1;3.5,5.6,1.2,1.1,3.3,2.4;0
13,22,31,32,34,36;3,1,0,3,0,2;3.0,5.6,2.5,1.4,1.1,4.3;0
13,22,31,32,35,39;1,1,2,0,1,2;5.3,3.5,3.0,1.1,1.3,4.6;0
13,22,31,33,35,39;0,1,1,0,1,2;1.1,3.3,1.2,5.2,2.4,4.6;0
13,22,31,34,39,39;1,1,2,0,0,2;5.3,3.5,3.0,1.1,1.4,4.6;0
13,22,32,32,35,36;3,1,0,0,1,2;3.0,5.6,1.1,3.5,1.3,4.3;0
13,22,32,32,35,38;3,0,3,1,0,1;5.2,3.4,1.1,3.6,1.4,1.2;0
13,22,32,32,38,39;1,1,2,3,1,1;3.5,5.6,1.1,3.3,2.4,2.0;0
13,22,32,33,34,35;3,0,1,0,0,0;5.2,3.4,3.6,3.0,1.1,1.4;0
13,22,32,33,35,39;1,1,2,0,1,2;2.0,3.3,1.1,5.2,2.4,4.6;0
13,22,32,34,35,39;3,0,1,0,0,3;3.0,3.4,3.6,1.1,1.4,4.3;0
13,22,32,34,36,36;1,1,2,0,3,2;3.5,5.6,3.0,1.1,1.4,4.3;0
13,22,32,34,36,39;3,1,0,0,2,0;3.0,5.6,3.5,1.1,4.3,1.4;0
13,22,33,34,39,39;3,1,0,0,0,2;3.0,3.5,5.2,1.1,1.4,4.6;0
13,23,30,31,32,34;0,0,1,2,1,0;2.5,1.4,5.3,3.0,3.6,1.1;0
13,23,30,31,34,39;2,0,1,2,0,0;4.6,1.4,5.3,3.0,1.1,2.5;0
13,23,30,32,35,38;2,0,1,3,0,0;3.2,2.5,1.2,1.1,3.6,5.3;0
13,23,30,35,38,39;0,0,1,0,0,2;1.1,2.5,1.2,3.6,5.3,3.2;0
13,23,31,32,32,34;1,0,2,3,1,0;5.3,1.4,3.0,2.5,3.6,1.1;0
13,23,31,32,34,35;0,0,2,1,0,0;4.5,3.4,3.0,3.6,1.1,1.4;0
13,23,31,34,35,35;1,0,2,0,0,2;5.3,1.4,3.0,1.1,2.5,4.5;0
13,23,31,34,35,39;1,0,2,0,0,3;5.4,3.4,3.0,1.1,1.4,3.6;0
13,23,31,34,39,39;1,0,2,0,0,2;5.3,1.4,3.0,1.1,2.5,4.6;0
13,23,32,32,33,34;3,0,3,1,0,0;3.0,1.4,2.5,3.6,5.2,1.1;0
13,23,32,32,33,35;2,1,3,2,0,3;2.2,1.2,1.1,5.4,3.4,4.3;0
13,23,32,32,34,39;1,1,3,0,0,1;2.2,1.2,1.1,3.5,5.5,4.2;0
13,23,32,32,35,38;3,0,3,1,0,0;1.2,2.5,1.1,2.2,3.6,5.3;0
13,23,32,32,38,39;2,1,3,1,3,2;2.2,1.2,1.1,3.6,3.4,4.3;0
13,23,32,33,34,39;2,1,3,0,0,2;2.2,1.2,1.1,3.4,5.5,4.3;0
13,23,32,34,35,39;1,1,3,0,2,1;3.5,1.2,1.1,5.5,4.2,2.2;0
13,23,33,34,35,35;3,0,0,0,0,2;3.0,1.4,5.2,1.1,2.5,4.5;0
13,23,33,34,39,39;3,0,0,0,0,2;3.0,1.4,5.2,1.1,2.5,4.6;0
13,23,35,35,35,38;3,0,0,2,0,0;1.2,2.5,1.1,3.1,3.6,5.3;0
13,23,35,38,39,39;3,0,0,0,0,2;1.2,2.5,3.6,5.3,1.1,3.2;0
13,24,30,30,31,32;2,1,1,0,2,0;4.6,1.1,2.0,4.4,4.1,2.4;0
13,24,30,30,32,33;2,0,1,1,3,0;4.6,2.5,1.2,3.2,1.1,5.2;0
13,24,30,31,31,32;3,1,1,2,0,0;4.5,1.1,2.0,4.1,4.4,2.4;0
13,24,30,31,32,32;2,1,1,3,0,2;4.6,1.1,2.0,4.5,2.4,4.1;0
13,24,30,31,32,39;2,3,1,0,3,0;1.2,5.4,4.5,1.4,1.1,3.3;0
13,24,30,31,39,39;3,3,1,0,1,0;1.1,5.4,4.5,1.4,2.0,3.3;0
13,24,30,32,32,32;3,1,1,0,2,0;4.5,1.1,2.0,2.4,4.1,5.4;0
13,24,30,32,33,34;2,0,1,3,0,0;4.6,2.2,5.3,1.1,1.2,3.4;0
13,24,30,32,34,39;3,2,0,1,0,3;3.0,3.3,4.4,3.6,1.1,1.4;0
13,24,30,32,39,39;3,1,1,0,2,3;4.1,1.1,2.0,5.4,2.4,3.6;0
13,24,30,33,36,39;2,1,1,0,2,0;4.6,3.3,5.3,1.2,3.2,1.1;0
13,24,31,31,32,33;2,0,1,3,3,0;4.6,2.5,1.2,2.4,1.1,5.2;0
13,24,31,31,32,34;2,0,2,0,3,0;4.3,2.2,1.2,2.5,1.1,5.5;0
13,24,31,32,32,32;3,0,0,3,3,1;1.2,2.2,4.3,1.1,2.5,3.6;0
13,24,31,32,33,34;3,0,0,3,1,0;1.2,2.2,2.5,1.1,3.4,5.5;0
13,24,31,32,33,39;2,3,0,3,0,2;1.2,3.3,1.4,1.1,5.2,4.6;0
13,24,31,32,34,39;2,2,0,3,0,1;1.2,1.4,2.5,1.1,5.5,4.2;0
13,24,31,32,35,35;3,0,0,3,0,2;1.2,2.2,4.3,1.1,2.5,4.5;0
13,24,31,32,39,39;3,0,0,3,0,2;1.2,2.2,4.3,1.1,2.5,4.6;0
13,24,31,33,39,39;3,3,0,0,1,2;1.1,3.3,1.4,5.2,2.0,4.6;0
13,24,31,34,39,39;3,2,0,0,1,1;1.1,1.4,2.5,5.5,2.0,4.2;0
13,24,32,32,33,38;2,0,3,1,0,3;4.3,2.2,1.1,3.6,1.2,3.4;0
13,24,32,32,35,35;3,2,0,1,1,3;3.0,3.5,1.1,3.6,1.3,4.3;0
13,24,32,33,33,34;2,0,3,0,0,0;4.3,2.2,1.1,1.2,3.4,5.5;0
13,24,32,33,34,39;3,2,1,0,0,0;1.2,2.5,3.6,5.2,3.2,1.1;0
13,24,32,33,39,39;3,1,0,0,0,3;4.1,3.2,5.4,1.2,1.1,3.6;0
13,24,32,34,35,39;3,2,1,0,3,0;3.0,3.5,3.6,1.1,4.3,1.4;0
13,24,33,36,39,39;3,3,0,0,0,2;1.2,3.2,5.2,2.5,1.1,4.6;0
13,25,30,30,31,32;3,1,0,1,0,3;4.5,5.5,1.2,4.2,1.4,1.1;0
13,25,30,30,32,34;2,1,1,0,3,1;4.6,2.5,1.2,4.4,1.1,3.2;0
13,25,30,31,31,39;3,1,1,2,0,1;4.5,5.5,4.2,1.1,1.4,2.0;0
13,25,30,31,32,32;3,1,1,1,3,0;4.5,5.5,4.2,1.2,1.1,2.4;0
13,25,30,31,32,34;3,1,1,0,3,1;4.5,2.5,1.2,4.4,1.1,3.2;0
13,25,30,32,32,33;2,2,1,3,2,0;4.6,2.2,5.3,1.1,3.3,1.2;0
13,25,30,32,32,39;3,3,0,3,1,1;2.3,1.1,4.4,3.3,3.6,2.0;0
13,25,30,32,33,39;2,3,0,3,0,1;4.6,1.1,4.4,3.3,2.3,2.0;0
13,25,30,32,38,39;3,1,1,3,0,3;1.2,5.5,4.2,1.1,2.2,3.6;0
13,25,31,31,31,34;2,2,0,2,3,0;4.6,2.3,1.4,3.0,4.5,1.1;0
13,25,31,31,32,34;3,2,0,2,0,0;4.5,2.3,1.4,3.0,5.4,1.1;0
13,25,31,32,32,33;3,0,0,3,1,0;1.2,2.5,2.2,1.1,3.6,5.2;0
13,25,31,32,33,39;3,3,0,3,0,1;4.5,1.1,4.4,3.3,2.3,2.0;0
13,25,31,32,39,39;3,3,3,1,1,0;2.3,1.1,4.5,3.6,2.0,3.3;0
13,25,31,33,39,39;2,3,3,0,1,0;4.6,1.1,4.5,2.3,2.0,3.3;0
13,25,31,34,34,36;3,0,0,0,0,1;3.0,1.4,2.5,1.1,5.5,3.3;0
13,25,31,34,35,39;2,3,0,0,2,1;2.3,1.1,2.5,5.5,4.2,2.0;0
13,25,32,32,33,35;3,0,0,1,0,1;5.2,3.5,1.1,3.6,3.0,1.3;0
13,25,32,32,33,39;3,0,0,1,0,0;1.2,2.5,3.2,3.6,5.2,1.1;0
13,25,32,32,35,39;3,0,0,1,1,3;3.0,3.5,1.1,3.6,1.3,4.3;0
13,25,32,32,38,39;3,0,3,1,1,0;5.2,3.5,1.1,3.6,1.2,1.4;0
13,25,32,33,34,39;3,0,1,0,0,0;5.2,3.5,3.6,1.2,3.2,1.1;0
13,25,32,33,39,39;3,3,0,0,1,0;4.5,1.1,5.4,2.3,2.0,3.3;0
13,25,32,34,38,39;3,1,3,0,0,1;1.2,3.6,1.1,5.5,2.2,4.2;0
13,25,32,34,39,39;3,0,1,0,0,3;3.0,3.5,3.6,1.1,1.4,4.3;0
13,25,32,39,39,39;3,3,0,1,0,3;2.3,1.1,5.4,2.0,3.3,3.6;0
13,25,34,34,36,39;3,1,0,0,1,3;3.0,3.6,1.1,5.5,3.3,1.4;0
13,25,35,35,38,39;3,3,0,0,0,1;2.3,1.1,3.3,3.6,5.3,2.0;0
13,26,30,32,33,39;2,0,1,2,0,0;4.6,3.2,5.3,3.3,1.2,1.1;0
13,26,31,32,33,39;3,0,0,3,0,2;1.2,2.5,2.2,1.1,5.2,4.6;0
13,26,31,32,34,34;3,0,0,3,0,0;3.0,4.3,2.5,1.4,1.1,5.5;0
13,26,32,32,34,35;3,0,0,0,0,1;3.0,4.3,1.1,3.5,5.5,1.3;0
13,26,32,33,39,39;3,0,0,0,0,2;1.2,2.5,3.2,5.2,1.1,4.6;0
13,26,32,34,34,36;3,0,0,0,0,1;3.0,1.4,3.5,1.1,5.5,3.3;0
13,26,32,34,34,39;3,0,0,0,0,0;3.0,4.3,3.5,1.1,5.5,1.4;0
13,27,30,30,32,36;2,0,1,0,3,3;4.6,4.4,1.2,3.2,1.1,2.5;0
13,27,30,32,36,39;3,3,1,1,2,0;1.2,2.5,5.3,3.6,3.2,1.1;0
13,27,30,36,39,39;2,2,1,2,0,1;4.6,1.2,5.3,3.2,1.1,2.4;0
13,27,31,32,32,35;3,1,0,3,2,3;1.2,2.2,2.5,1.1,5.4,4.3;0
13,27,31,32,33,33;2,2,0,3,0,0;4.6,3.4,2.2,1.1,1.2,5.2;0
13,27,31,32,34,39;3,1,0,3,0,2;1.2,2.2,2.5,1.1,5.5,4.3;0
13,27,31,32,39,39;2,2,3,1,0,3;2.4,1.2,4.5,3.6,1.1,3.2;0
13,27,32,32,33,35;3,3,0,1,0,1;3.0,3.5,1.1,3.6,5.2,1.3;0
13,27,32,33,33,39;2,2,0,0,0,0;4.6,3.4,3.2,1.2,5.2,1.1;0
13,27,32,33,34,39;3,3,1,0,0,0;3.0,3.5,3.6,5.2,1.1,1.4;0
13,27,32,39,39,39;2,2,0,0,3,3;2.4,1.2,5.4,1.1,3.2,3.6;0
13,27,33,35,36,38;2,0,0,2,3,2;4.6,2.3,5.2,2.0,2.5,1.1;0
13,27,36,39,39,39;3,0,0,0,3,2;1.2,4.4,2.5,1.1,3.2,4.6;0
13,28,30,30,31,32;0,1,1,1,3,1;1.1,3.2,1.2,5.3,2.5,3.6;0
13,28,30,31,31,32;1,2,1,2,2,1;2.0,3.6,5.4,1.1,4.1,1.4;0
13,28,30,31,31,39;0,2,1,1,2,2;1.1,3.6,5.4,1.2,4.1,2.4;0
13,28,30,31,32,32;0,1,1,0,3,1;1.1,3.2,1.2,4.3,2.5,3.6;0
13,28,30,31,32,34;1,2,1,2,1,0;3.3,1.4,5.3,3.0,3.6,1.1;0
13,28,30,31,32,39;3,1,1,3,1,0;1.2,3.2,5.3,2.5,3.6,1.1;0
13,28,30,31,33,34;0,1,1,0,1,0;1.1,3.2,1.2,2.5,3.4,5.5;0
13,28,30,31,35,35;0,1,1,0,0,2;1.1,3.2,1.2,4.3,2.5,4.5;0
13,28,30,31,39,39;0,1,1,0,0,2;1.1,3.2,1.2,4.3,2.5,4.6;0
13,28,30,32,32,32;2,2,1,3,1,3;1.2,3.6,5.4,1.1,1.4,3.3;0
13,28,30,32,32,39;2,2,1,2,3,1;2.4,3.6,5.4,1.1,3.3,2.0;0
13,28,30,32,33,35;0,2,1,0,0,2;1.1,2.5,1.2,3.2,5.2,4.5;0
13,28,30,33,34,39;2,1,1,0,0,0;4.6,3.2,5.3,1.2,3.4,1.1;0
13,28,31,31,32,34;2,2,2,3,1,0;3.3,1.4,3.0,4.5,3.6,1.1;0
13,28,31,31,32,35;2,1,2,0,0,1;4.6,3.5,3.0,4.3,1.1,1.3;0
13,28,31,31,34,39;2,1,2,0,0,0;4.3,3.2,1.2,2.5,5.5,1.1;0
13,28,31,32,32,39;3,1,0,3,1,0;1.2,3.2,4.3,2.5,3.6,1.1;0
13,28,31,32,33,35;3,2,0,3,0,2;1.2,2.5,2.2,1.1,5.2,4.5;0
13,28,31,32,34,35;1,2,2,1,0,0;5.3,3.4,3.0,3.6,1.1,1.4;0
13,28,31,32,34,39;1,1,1,3,0,1;3.5,2.4,1.2,1.1,5.5,4.2;0
13,28,31,33,34,39;3,1,0,1,0,0;1.2,3.2,2.5,3.4,5.5,1.1;0
13,28,31,35,35,39;3,1,0,0,2,0;1.2,3.2,4.3,2.5,4.5,1.1;0
13,28,31,39,39,39;3,1,0,0,0,2;1.2,3.2,4.3,1.1,2.5,4.6;0
13,28,32,32,34,39;0,1,2,1,0,3;4.5,4.3,3.0,3.6,1.1,1.4;0
13,28,32,33,33,35;2,1,0,0,0,1;4.6,3.5,1.1,3.0,5.2,1.3;0
13,28,32,33,34,35;3,2,1,0,0,0;3.0,3.4,3.6,5.2,1.1,1.4;0
13,28,32,33,35,39;3,2,0,0,2,0;1.2,2.5,3.2,5.2,4.5,1.1;0
13,28,32,33,38,39;2,1,1,0,3,0;4.3,3.2,3.6,1.2,3.4,1.1;0
13,28,32,34,35,39;3,2,2,0,3,3;5.4,3.6,3.0,1.1,4.3,1.4;0
13,28,32,34,39,39;1,1,2,0,1,1;3.5,2.4,1.1,5.5,2.0,4.2;0
13,28,33,33,34,39;2,1,0,0,0,0;4.3,3.2,1.2,3.4,5.5,1.1;0
13,28,33,34,39,39;1,1,0,0,0,2;5.3,3.2,1.2,3.4,1.1,4.6;0
13,29,30,30,31,32;0,0,0,1,1,1;1.1,3.3,2.4,5.3,1.2,3.6;0
13,29,30,30,32,32;1,0,0,1,2,1;2.0,3.3,2.4,5.3,1.1,3.6;0
13,29,30,31,32,39;0,0,1,3,1,3;1.1,2.5,1.2,4.5,3.6,3.2;0
13,29,30,31,33,37;0,0,0,0,0,2;1.1,4.7,1.2,1.4,5.2,4.1;0
13,29,30,31,34,34;0,0,1,0,0,0;1.1,4.4,1.2,2.5,3.2,5.5;0
13,29,30,32,32,33;1,0,1,3,1,0;5.3,4.7,3.4,1.1,2.2,1.2;0
13,29,30,32,32,34;0,0,1,3,1,1;4.5,2.5,1.2,1.1,3.6,3.2;0
13,29,30,32,33,39;0,0,1,0,0,3;1.1,4.7,1.2,3.2,5.2,2.5;0
13,29,30,32,34,39;1,0,1,3,1,3;5.4,2.5,1.2,1.1,3.2,3.6;0
13,29,30,32,39,39;0,0,1,0,3,3;1.1,2.5,1.2,5.4,3.2,3.6;0
13,29,30,33,35,35;1,0,1,0,0,2;5.3,4.7,3.4,1.2,1.1,3.1;0
13,29,30,33,39,39;1,0,1,0,0,2;5.3,4.7,3.4,1.2,1.1,3.2;0
13,29,31,31,33,37;1,0,2,0,0,2;2.0,4.7,1.1,1.4,5.2,4.1;0
13,29,31,32,32,34;1,3,2,0,1,0;3.5,1.3,3.0,1.1,3.3,5.5;0
13,29,31,32,33,33;3,0,0,3,0,0;3.4,4.7,2.2,1.1,1.2,5.2;0
13,29,31,32,33,37;0,0,1,0,0,2;1.1,4.7,1.2,2.4,5.2,4.1;0
13,29,31,32,33,39;3,0,0,3,0,3;1.2,4.7,2.2,1.1,5.2,2.5;0
13,29,31,32,34,38;0,0,0,3,0,1;1.4,4.4,2.5,1.1,5.5,1.2;0
13,29,31,32,39,39;3,0,3,1,0,3;1.2,2.5,4.5,3.6,1.1,3.2;0
13,29,31,33,34,34;3,0,0,1,0,0;3.0,4.4,2.5,1.4,1.1,5.5;0
13,29,31,34,34,39;3,0,0,0,0,0;1.2,4.4,2.5,3.2,5.5,1.1;0
13,29,31,34,38,39;1,0,2,0,0,3;5.3,4.7,3.0,1.1,3.3,1.4;0
13,29,32,32,32,35;1,3,3,1,2,3;3.5,1.3,1.1,1.2,5.4,4.3;0
13,29,32,32,33,37;1,0,2,0,0,2;2.0,4.7,1.1,2.4,5.2,4.1;0
13,29,32,32,34,36;3,3,0,0,0,1;3.0,1.3,1.1,3.5,5.5,3.3;0
13,29,32,32,34,39;1,3,3,1,0,2;3.5,1.3,1.1,1.2,5.5,4.3;0
13,29,32,33,33,39;3,0,0,0,0,0;3.4,4.7,3.2,1.2,5.2,1.1;0
13,29,32,33,34,35;1,0,0,0,0,1;3.5,4.4,1.1,3.0,5.5,1.3;0
13,29,32,33,39,39;3,0,0,0,0,3;1.2,4.7,3.2,5.2,1.1,2.5;0
13,29,32,34,34,35;1,3,3,1,0,2;3.5,1.3,1.1,1.2,5.5,4.2;0
13,29,32,34,38,39;1,0,3,0,1,0;3.5,4.4,1.1,5.5,1.2,1.4;0
13,29,32,39,39,39;3,0,0,0,3,3;1.2,2.5,5.4,1.1,3.2,3.6;0
13,29,33,34,34,39;1,0,0,0,0,0;3.5,4.4,1.2,3.2,5.5,1.1;0
13,29,33,34,38,39;3,0,0,0,0,3;3.0,4.7,5.2,1.1,3.3,1.4;0
14,14,30,30,32,32;1,1,0,0,3,1;1.2,2.5,1.3,4.3,1.1,3.6;1
14,14,31,31,34,34;1,1,0,2,0,0;1.4,2.3,2.5,3.0,1.1,5.5;1
14,14,31,32,32,32;1,1,1,3,3,1;2.4,2.5,1.2,1.1,3.3,3.6;0
14,14,31,32,34,37;1,1,0,3,0,1;1.2,1.4,2.5,1.1,5.5,1.3;0
14,14,32,32,32,39;1,1,2,3,1,1;2.4,2.5,1.1,3.3,3.6,2.0;0
14,14,32,32,37,37;1,1,3,1,1,1;1.2,2.5,1.1,3.6,1.3,1.4;1
14,14,33,33,39,39;2,2,0,0,0,2;3.2,4.1,1.2,5.2,1.1,4.6;1
14,15,30,31,32,32;1,3,0,0,3,2;1.2,4.3,1.3,2.5,1.1,5.4;0
14,15,30,32,32,39;1,0,1,3,1,3;2.5,3.2,1.2,1.1,3.6,4.3;0
14,15,31,31,34,39;1,3,0,2,0,2;2.3,4.4,1.4,3.0,1.1,4.6;0
14,15,31,32,34,35;1,0,0,3,0,2;1.4,1.1,2.5,3.3,5.5,2.0;0
14,15,31,32,35,39;1,3,0,3,1,2;1.2,1.3,4.3,1.1,2.4,4.6;0
14,15,31,32,37,39;1,3,0,3,1,2;1.2,4.4,1.4,1.1,1.3,4.6;0
14,15,31,33,39,39;2,3,2,0,0,2;3.2,4.4,4.1,1.2,1.1,4.6;0
14,15,32,32,35,37;1,0,3,1,2,1;2.5,1.1,3.3,3.6,2.0,1.4;0
14,15,32,32,35,39;1,0,3,1,0,3;2.5,1.2,1.1,3.6,2.3,4.3;0
14,18,30,30,32,32;1,1,1,0,3,1;2.5,3.2,1.2,4.3,1.1,3.6;0
14,18,30,31,31,34;1,2,1,0,2,0;1.4,1.1,2.0,2.5,4.1,5.5;0
14,18,30,31,32,37;1,2,1,2,1,1;2.5,1.1,2.0,4.1,3.6,1.4;0
14,18,30,31,33,39;2,2,1,0,0,2;4.1,1.1,2.0,1.4,5.2,4.6;0
14,19,30,32,32,34;1,2,1,3,1,1;2.5,3.3,1.2,1.1,3.6,3.2;0
14,19,31,31,34,34;1,3,0,2,0,0;1.4,2.3,2.5,4.1,1.1,5.5;0
14,19,31,32,34,37;1,3,2,1,0,1;2.5,2.3,4.1,3.6,1.1,1.4;0
14,19,31,33,34,39;2,3,0,0,0,2;4.1,2.3,1.4,5.2,1.1,4.6;0
14,19,32,32,32,39;1,2,3,1,1,3;2.5,1.3,1.1,1.2,3.6,4.3;0
14,20,30,30,32,32;1,0,1,0,3,1;2.5,3.4,1.2,3.2,1.1,3.6;0
14,20,30,31,31,34;1,1,1,0,2,0;1.4,2.0,1.1,2.5,4.1,5.5;0
14,20,30,31,32,37;1,1,1,2,1,1;2.5,2.0,1.1,4.1,3.6,1.4;0
14,20,30,31,33,39;2,1,1,0,0,2;4.1,2.0,1.1,1.4,5.2,4.6;0
14,20,32,32,32,39;1,2,3,3,1,3;2.5,1.2,1.1,1.4,3.6,4.3;0
14,21,30,30,32,32;1,0,0,0,3,1;2.5,1.1,1.3,4.3,2.2,3.6;0
14,21,30,31,32,32;1,3,1,2,3,1;2.5,4.2,1.2,3.2,1.1,3.6;0
14,21,30,31,32,34;1,1,0,3,1,0;2.5,3.0,4.3,1.4,3.6,1.1;0
14,21,31,31,31,34;1,0,3,0,2,0;1.4,1.1,1.3,2.5,4.1,5.5;0
14,21,31,31,32,37;1,0,3,2,1,1;2.5,1.1,1.3,4.1,3.6,1.4;0
14,21,31,31,32,39;2,1,2,0,0,3;3.0,1.3,4.1,4.4,1.1,3.6;0
14,21,31,31,33,39;2,0,3,0,0,2;4.1,1.1,1.3,1.4,5.2,4.6;0
14,21,31,32,32,32;1,3,1,3,3,1;2.5,4.2,1.2,1.1,2.4,3.6;0
14,21,31,32,34,37;1,0,0,3,0,1;1.4,1.1,2.5,2.2,5.5,1.3;0
14,21,32,32,32,39;1,3,2,3,1,1;2.5,4.2,1.1,2.4,3.6,2.0;0
14,21,32,32,37,37;1,0,3,1,1,1;2.5,1.1,2.2,3.6,1.3,1.4;0
14,21,32,33,37,39;2,0,0,0,2,2;4.1,1.1,1.3,5.2,3.1,4.6;0
14,21,32,34,35,38;1,3,1,1,2,2;2.5,4.2,3.6,2.3,2.0,1.1;0
14,24,30,31,32,32;1,0,0,2,3,1;2.5,2.2,4.3,1.2,1.1,3.6;0
14,24,30,32,33,39;2,1,1,0,0,2;4.1,1.1,2.0,2.4,5.2,4.6;0
14,25,32,32,34,39;1,0,2,1,0,3;2.5,1.4,3.0,3.6,1.1,4.3;0
14,28,30,31,32,34;2,2,0,2,1,0;3.0,1.4,4.4,4.1,3.6,1.1;0
14,28,30,31,32,39;1,1,0,2,1,0;2.5,3.2,4.3,1.2,3.6,1.1;0
14,28,30,32,32,37;1,2,1,3,1,1;1.2,3.6,5.4,1.1,1.4,1.3;0
14,28,31,31,34,39;2,2,2,0,0,3;3.0,1.4,4.1,4.4,1.1,3.6;0
14,28,31,32,32,34;2,2,3,1,2,0;3.0,1.4,4.5,3.6,4.1,1.1;0
14,28,32,32,34,39;2,2,2,0,0,3;3.0,1.4,4.1,5.4,1.1,3.6;0
14,29,30,31,32,33;2,0,0,0,3,0;4.2,4.7,1.2,1.4,1.1,5.2;0
14,29,31,31,33,39;2,0,2,0,0,1;4.2,4.7,1.1,1.4,5.2,2.0;0
14,29,31,32,32,33;2,0,1,3,0,0;4.2,4.7,1.2,1.1,2.4,5.2;0
14,29,32,32,33,39;2,0,2,0,0,1;4.2,4.7,1.1,2.4,5.2,2.0;0
14,29,33,33,37,39;2,0,0,0,2,0;3.2,4.7,1.2,5.2,4.1,1.1;0
15,15,30,31,32,38;0,0,0,0,3,0;4.2,4.5,1.2,1.4,1.1,5.3;0
15,15,30,32,32,34;0,2,0,3,1,1;1.2,2.3,4.4,1.1,3.6,3.2;0
15,15,31,31,32,32;1,3,0,2,0,2;1.3,4.3,2.5,3.0,1.1,5.4;1
15,15,31,31,38,39;0,0,2,0,0,1;4.2,4.5,1.1,1.4,5.3,2.0;0
15,15,31,31,39,39;1,3,0,2,0,2;1.2,4.4,1.4,4.1,1.1,4.6;1
15,15,31,32,32,38;0,0,1,3,0,0;4.2,4.5,1.2,1.1,2.4,5.3;0
15,15,31,32,34,39;0,2,0,3,1,3;1.2,2.3,4.4,1.1,3.2,3.6;0
15,15,31,32,35,39;0,3,0,3,2,2;1.1,4.4,1.4,3.3,2.0,4.6;0
15,15,31,35,35,38;0,0,0,2,0,0;1.1,4.5,1.4,2.0,3.3,5.3;0
15,15,32,32,33,33;0,2,3,1,1,1;1.2,5.3,1.1,3.6,2.3,2.5;1
15,15,32,32,35,35;0,2,1,3,2,0;1.1,5.4,1.4,3.3,2.0,3.6;1
15,15,32,32,38,39;0,0,2,0,0,1;4.2,4.5,1.1,2.4,5.3,2.0;0
15,15,32,32,39,39;3,1,3,1,3,1;1.2,4.4,1.1,3.6,1.4,4.2;1
15,15,32,34,35,35;0,2,1,1,2,0;1.1,5.3,3.6,1.4,2.0,3.3;0
15,15,32,35,38,39;3,0,3,0,0,3;1.2,4.2,1.1,3.6,5.3,1.4;0
15,15,33,33,35,35;2,0,0,0,0,2;3.1,3.4,1.2,5.2,1.1,4.5;1
15,15,35,35,38,38;2,0,2,0,2,0;2.3,4.2,2.0,3.6,1.1,5.3;1
15,18,30,31,31,39;3,2,1,0,2,2;4.4,1.1,2.0,1.4,4.1,4.6;0
15,18,30,31,32,32;3,1,1,0,3,2;4.3,3.2,1.2,2.5,1.1,5.4;0
15,18,30,31,32,35;0,0,1,0,3,2;1.1,4.4,4.5,1.4,3.3,2.0;0
15,18,30,32,32,39;3,3,1,3,1,3;1.2,4.5,4.2,1.1,3.6,1.4;0
15,18,30,32,35,38;0,1,1,3,0,0;4.2,1.2,2.3,1.1,3.6,5.3;0
15,18,31,32,32,35;0,3,0,3,1,2;1.2,4.5,3.2,1.1,3.6,2.3;0
15,18,32,32,33,38;0,1,3,1,0,0;4.5,3.4,1.1,2.2,1.2,5.3;0
15,18,32,32,33,39;3,1,3,3,0,2;4.4,1.2,1.1,3.3,2.3,4.6;0
15,18,32,33,35,38;0,1,3,0,0,0;4.5,1.2,1.1,2.3,3.3,5.3;0
15,18,33,35,35,38;0,1,0,0,2,0;4.5,3.4,1.2,1.1,3.1,5.3;0
15,18,33,38,39,39;0,1,0,0,0,2;4.5,3.4,1.2,5.3,1.1,3.2;0
15,19,30,30,31,32;0,3,0,1,0,3;4.5,5.6,1.2,4.2,1.4,1.1;0
15,19,30,31,31,39;0,3,1,2,0,1;4.5,5.6,4.2,1.1,1.4,2.0;0
15,19,30,31,32,32;0,3,1,1,3,0;4.5,5.6,4.2,1.2,1.1,2.4;0
15,19,30,32,32,39;3,1,1,3,1,3;1.2,4.2,5.3,1.1,3.6,1.4;0
15,19,30,32,35,38;0,3,1,3,0,0;4.2,2.5,1.2,1.1,3.6,5.3;0
15,19,30,32,35,39;3,3,1,3,0,3;1.2,5.6,4.2,1.1,3.6,1.4;0
15,19,30,35,35,38;0,1,1,2,0,0;4.2,1.1,2.3,2.0,3.6,5.3;0
15,19,31,31,34,39;3,3,0,2,0,2;4.4,2.3,1.4,4.1,1.1,4.6;0
15,19,31,32,34,35;0,1,0,3,0,2;1.1,4.4,1.4,3.3,5.5,2.0;0
15,19,31,32,35,35;0,3,0,3,2,0;1.2,5.6,3.2,1.1,2.3,3.6;0
15,19,32,33,35,39;3,0,3,0,1,2;1.3,1.2,1.1,5.2,2.4,4.6;0
15,19,33,35,35,38;0,1,0,2,0,0;4.5,1.1,2.3,2.0,3.3,5.3;0
15,20,30,30,31,32;0,1,0,1,0,3;4.2,5.3,1.2,4.5,1.4,1.1;0
15,20,30,31,31,39;3,1,1,0,2,2;4.4,2.0,1.1,1.4,4.1,4.6;0
15,20,30,31,32,32;0,1,1,1,3,0;4.2,5.3,4.5,1.2,1.1,2.4;0
15,20,30,31,32,35;0,3,1,0,3,2;1.1,4.4,5.4,1.4,3.3,2.0;0
15,20,30,31,35,35;0,1,1,0,2,0;1.1,5.3,4.5,1.4,2.0,3.3;0
15,20,30,32,32,39;0,1,1,2,0,1;4.2,5.3,4.5,1.1,2.4,2.0;0
15,20,32,32,33,39;3,3,3,1,0,3;1.2,4.2,1.1,3.6,5.2,1.4;0
15,20,32,32,36,39;3,0,3,1,3,1;1.2,3.5,1.1,3.6,1.4,4.2;0
15,20,32,33,35,38;0,1,3,0,0,0;4.2,2.2,1.1,1.2,3.6,5.3;0
15,20,32,33,38,39;0,1,3,1,0,3;1.2,5.3,1.1,2.3,4.4,2.5;0
15,20,33,35,35,39;3,1,0,0,2,3;3.4,5.3,1.2,1.1,3.1,3.6;0
15,20,33,39,39,39;3,1,0,0,2,3;3.4,5.3,1.2,1.1,3.2,3.6;0
15,21,30,31,32,32;3,1,1,1,3,3;2.4,3.5,5.4,1.2,1.1,3.3;0
15,21,30,32,32,39;3,1,1,2,3,1;2.4,3.5,5.4,1.1,3.3,2.0;0
15,21,30,32,33,35;0,0,1,0,0,2;3.4,1.1,3.1,1.3,5.2,4.5;0
15,21,30,32,35,39;3,2,1,3,1,3;3.2,4.7,1.2,1.1,4.3,2.5;0
15,21,31,31,31,39;3,0,3,0,2,2;4.4,1.1,1.3,1.4,4.1,4.6;0
15,21,31,31,32,34;3,1,3,0,2,0;4.3,3.0,1.4,2.5,5.4,1.1;0
15,21,31,31,32,35;0,2,0,1,3,2;1.1,4.7,1.4,4.4,3.3,2.0;0
15,21,31,32,32,39;3,3,2,3,1,3;1.2,4.2,4.3,1.1,3.6,1.4;0
15,21,31,32,35,38;0,1,0,3,0,0;4.2,1.3,1.2,1.1,3.6,5.3;0
15,21,31,32,35,39;3,0,0,3,1,2;1.3,1.1,4.3,2.2,2.4,4.6;0
15,21,31,32,37,39;3,0,2,0,2,2;4.4,1.1,4.1,1.3,3.1,4.6;0
15,21,31,34,34,38;0,3,2,0,1,0;4.5,1.4,3.0,1.1,2.3,5.3;0
15,21,31,34,39,39;3,1,2,0,0,3;4.3,3.5,3.0,1.1,1.4,4.5;0
15,21,32,32,35,37;0,2,1,3,2,1;1.1,4.7,2.5,3.3,2.0,1.4;0
15,21,32,32,35,38;0,0,0,1,2,3;3.1,1.1,1.3,3.6,4.2,3.4;0
15,21,32,32,35,39;0,2,3,1,0,3;1.2,4.7,1.1,2.5,2.3,4.3;0
15,21,32,33,34,35;0,0,0,0,0,2;3.1,1.1,1.3,3.4,5.5,4.2;0
15,21,32,33,35,39;0,3,0,0,2,2;1.1,1.4,3.3,5.2,2.0,4.6;0
15,21,32,33,39,39;0,2,3,1,3,0;1.2,4.7,1.1,2.3,2.5,4.4;0
15,22,30,31,32,36;0,1,1,0,3,2;3.2,5.6,1.2,2.5,1.1,4.3;0
15,22,31,31,34,38;0,2,0,2,0,0;4.5,2.3,1.4,3.0,1.1,5.3;0
15,22,31,32,34,34;0,0,0,3,1,0;1.2,2.3,2.5,1.1,3.2,5.5;0
15,22,31,32,35,36;0,1,0,3,0,2;1.2,5.6,2.5,1.1,2.3,4.3;0
15,23,30,31,32,32;0,0,1,3,3,1;1.2,2.3,5.3,2.5,1.1,3.6;0
15,23,30,32,33,35;0,1,0,3,0,2;3.4,1.2,2.2,1.1,5.2,4.5;0
15,23,31,32,32,32;0,0,0,3,3,1;1.2,2.3,4.3,1.1,2.5,3.6;0
15,23,31,32,32,33;3,1,2,3,1,0;2.2,1.2,3.3,1.1,3.6,5.2;0
15,23,31,32,33,34;0,0,0,3,1,0;1.2,2.3,2.5,1.1,3.4,5.5;0
15,23,31,32,35,35;0,0,0,3,0,2;1.2,2.3,4.3,1.1,2.5,4.5;0
15,23,31,32,39,39;0,0,0,3,0,2;1.2,2.3,4.3,1.1,2.5,4.6;0
15,23,31,33,35,39;0,1,3,0,2,0;3.4,1.2,2.3,5.2,4.5,1.1;0
15,23,31,34,35,35;0,2,0,0,2,2;1.1,1.4,2.5,5.5,2.0,4.2;0
15,23,32,32,33,39;3,1,3,2,0,2;2.2,1.2,1.1,3.3,5.2,4.6;0
15,23,32,33,35,38;0,0,3,1,0,0;1.2,2.5,1.1,2.3,3.6,5.3;0
15,24,30,30,32,35;0,1,0,1,1,2;2.0,1.1,2.4,5.3,3.6,3.1;0
15,24,30,31,32,39;3,1,1,2,0,2;4.4,1.1,2.0,4.1,2.4,4.6;0
15,24,30,31,35,39;0,3,1,0,2,0;1.1,5.4,4.5,1.4,2.0,3.3;0
15,24,31,31,32,32;3,0,2,0,3,2;4.3,2.2,1.2,2.5,1.1,5.4;0
15,24,31,32,32,35;3,2,2,0,1,1;4.3,3.5,3.0,1.1,3.6,1.3;0
15,24,31,32,33,35;0,0,0,3,0,2;3.4,2.2,4.3,1.1,1.2,4.5;0
15,24,31,32,34,39;3,2,2,1,0,0;4.3,3.5,3.0,3.6,1.1,1.4;0
15,24,31,33,35,39;0,3,0,0,2,2;1.1,3.3,1.4,5.2,2.0,4.6;0
15,24,31,34,35,39;0,2,0,0,2,1;1.1,1.4,2.5,5.5,2.0,4.2;0
15,24,32,32,33,33;3,0,3,2,0,0;4.3,2.2,1.1,5.4,1.2,3.4;0
15,24,32,32,33,39;0,2,3,1,0,0;1.2,2.5,1.1,3.6,5.2,2.3;0
15,25,30,32,34,39;3,1,1,3,1,2;4.4,2.5,1.2,1.1,3.2,4.6;0
15,25,30,32,39,39;3,1,1,3,3,3;1.2,5.5,4.2,1.1,1.4,3.6;0
15,25,30,35,38,39;0,3,1,0,0,1;4.2,1.1,2.3,3.6,5.3,2.0;0
15,25,31,32,34,39;3,0,0,3,0,1;1.2,1.4,2.5,1.1,5.5,4.2;0
15,25,31,32,35,39;0,1,0,3,2,3;1.2,5.5,3.2,1.1,2.3,3.6;0
15,25,32,33,39,39;3,3,3,0,1,2;4.4,1.1,3.3,2.3,2.0,4.6;0
15,25,32,34,39,39;3,1,3,0,3,1;1.2,3.6,1.1,5.5,1.4,4.2;0
15,25,33,35,38,39;0,3,0,0,0,1;4.5,1.1,2.3,3.3,5.3,2.0;0
15,25,34,35,38,39;0,3,0,0,0,3;4.2,3.0,1.1,3.6,5.3,1.4;0
15,26,30,31,32,34;0,0,1,0,3,0;3.2,4.3,1.2,2.5,1.1,5.5;0
15,26,31,32,34,35;0,0,0,3,0,2;1.2,2.3,2.5,1.1,5.5,4.2;0
15,26,32,32,34,39;3,0,3,0,0,1;1.2,1.4,1.1,3.5,5.5,4.2;0
15,28,30,31,32,39;3,0,1,0,3,2;4.4,2.0,1.1,1.4,3.3,4.6;0
15,28,30,31,35,38;0,0,1,0,0,0;4.5,2.0,1.1,1.4,3.3,5.3;0
15,28,30,32,32,35;0,2,1,1,3,2;1.1,3.6,5.4,1.4,3.3,2.0;0
15,28,30,32,34,35;0,2,1,3,1,2;1.2,3.6,5.4,1.1,3.2,2.3;0
15,28,31,31,32,39;3,1,2,0,2,0;4.3,3.2,1.2,2.5,5.4,1.1;0
15,28,31,32,34,39;0,2,0,3,0,1;1.2,2.3,2.5,1.1,5.5,4.2;0
15,28,31,33,35,39;0,1,0,0,2,0;3.4,3.2,4.3,1.2,4.5,1.1;0
15,28,32,32,33,38;3,2,3,1,0,0;3.4,3.6,1.1,2.2,1.2,5.3;0
15,28,32,33,33,39;3,1,2,0,0,0;4.3,3.2,5.4,1.2,3.4,1.1;0
15,28,32,33,39,39;0,3,3,0,0,2;1.2,2.5,1.1,5.2,2.3,4.6;0
15,28,32,34,35,39;0,3,0,0,2,1;1.1,1.4,3.5,5.5,2.0,4.2;0
15,28,33,35,35,38;3,2,0,0,2,0;3.4,3.6,1.2,1.1,3.1,5.3;0
15,28,33,38,39,39;3,2,0,0,0,2;3.4,3.6,1.2,5.3,1.1,3.2;0
15,29,30,31,32,32;0,1,1,0,3,2;3.2,4.3,1.2,2.5,1.1,5.4;0
15,29,30,32,34,35;0,2,1,1,1,2;1.1,3.3,5.3,3.6,1.4,2.0;0
15,29,30,33,33,35;0,2,1,0,0,2;3.4,1.1,3.1,1.2,5.2,4.5;0
15,29,31,31,34,35;0,2,2,0,0,2;3.1,1.1,1.2,2.5,5.5,4.2;0
15,29,31,32,32,35;0,1,0,3,2,0;1.2,4.3,2.5,1.1,5.4,2.3;0
15,29,31,32,33,34;3,2,2,2,0,0;4.3,1.4,3.0,5.4,3.4,1.1;0
15,29,31,32,34,39;0,0,0,3,0,0;1.2,4.4,2.5,1.1,5.5,2.3;0
15,29,31,33,37,39;3,2,2,0,2,2;4.4,1.1,4.1,1.2,3.1,4.6;0
15,29,32,33,35,38;0,2,1,0,2,3;3.1,1.1,3.6,1.2,4.2,3.4;0
15,29,33,33,34,35;0,2,0,0,0,2;3.1,1.1,1.2,3.4,5.5,4.2;0
16,22,30,30,32,32;2,0,0,1,3,1;3.4,1.4,1.2,5.3,1.1,3.6;0
16,22,30,31,32,34;1,1,1,0,3,1;3.3,5.6,1.2,2.5,1.1,3.2;0
16,22,30,31,32,39;2,0,1,2,1,1;3.4,1.4,5.3,1.1,3.6,2.0;0
16,22,30,32,36,39;1,0,1,1,2,0;1.2,1.4,5.3,3.6,3.2,1.1;0
17,18,32,32,32,33;1,1,3,3,1,0;2.3,1.2,1.1,2.5,3.6,5.2;0
17,18,32,33,35,35;1,1,3,0,0,2;2.3,1.2,1.1,5.2,2.5,4.5;0
17,18,32,33,39,39;1,1,3,0,0,2;2.3,1.2,1.1,5.2,2.5,4.6;0
17,19,32,32,33,35;1,1,3,1,0,2;2.3,1.1,2.5,3.6,5.2,2.0;0
17,19,33,35,35,35;1,1,0,2,0,2;2.3,1.1,5.2,2.0,2.5,4.5;0
17,19,33,35,39,39;1,1,0,2,0,2;2.3,1.1,5.2,2.0,2.5,4.6;0
17,20,32,32,33,39;2,0,3,1,0,1;2.2,3.5,1.1,3.6,1.2,4.2;0
17,23,30,32,36,39;2,1,1,1,2,0;2.3,1.2,5.3,3.6,3.2,1.1;0
17,25,32,32,33,39;1,1,3,1,0,3;3.4,5.5,1.1,2.2,1.2,3.6;0
17,25,33,35,35,39;1,1,0,0,2,3;3.4,5.5,1.2,1.1,3.1,3.6;0
17,25,33,39,39,39;1,1,0,0,2,3;3.4,5.5,1.2,1.1,3.2,3.6;0
18,18,30,30,31,31;2,0,1,1,0,2;1.1,4.4,2.0,4.5,1.4,4.1;1
18,18,30,30,32,32;1,3,1,1,3,1;1.2,4.5,2.3,4.2,1.1,3.6;1
18,18,30,32,32,33;1,0,1,3,3,0;1.2,4.4,4.5,1.1,3.3,2.3;0
18,18,32,32,33,33;0,2,3,1,0,0;2.2,3.3,1.1,3.6,1.2,5.2;1
18,18,32,32,35,38;1,1,3,1,2,3;1.2,2.3,1.1,3.6,4.2,3.4;0
18,18,32,33,34,35;1,1,3,0,0,2;1.2,2.3,1.1,3.4,5.5,4.2;0
18,19,30,30,32,32;1,1,1,1,3,1;1.2,4.2,2.3,5.3,1.1,3.6;0
18,19,30,30,32,35;3,1,1,1,1,2;4.5,1.1,2.3,4.2,3.6,2.0;0
18,19,30,31,31,34;2,1,1,0,2,0;1.1,4.4,2.0,1.4,4.1,5.5;0
18,19,30,32,33,35;0,1,1,3,0,2;4.4,1.1,4.5,3.3,2.3,2.0;0
18,19,31,32,32,34;3,0,2,1,1,0;4.5,2.3,3.0,1.4,3.6,1.1;0
18,19,32,32,33,34;1,1,3,3,0,0;1.2,4.4,1.1,3.3,2.3,5.5;0
18,19,32,35,35,38;1,1,1,2,2,3;2.3,1.1,3.6,2.0,4.2,3.4;0
18,19,33,34,35,35;1,1,0,0,2,2;2.3,1.1,3.4,5.5,2.0,4.2;0
18,20,30,30,31,31;0,1,1,1,0,2;4.4,2.0,1.1,4.5,1.4,4.1;0
18,20,30,32,32,33;3,1,1,1,1,0;4.5,2.0,1.1,1.4,3.6,4.1;0
18,20,30,32,33,35;1,1,1,3,0,0;1.2,5.3,4.5,1.1,2.3,3.3;0
18,20,30,33,35,35;1,1,1,0,0,2;3.4,5.3,4.5,1.2,1.1,3.1;0
18,20,30,33,39,39;1,1,1,0,0,2;3.4,5.3,4.5,1.2,1.1,3.2;0
18,20,31,32,32,34;0,0,2,3,1,0;4.3,2.5,3.0,1.4,3.6,1.1;0
18,20,31,32,32,35;1,0,1,3,1,2;1.2,3.5,2.3,1.1,3.6,4.2;0
18,20,31,32,33,39;2,0,2,1,0,0;3.2,3.5,4.1,3.6,1.2,1.1;0
18,20,32,33,33,35;2,1,1,0,0,0;3.3,3.1,3.6,1.2,5.2,1.1;0
18,21,30,30,32,32;1,2,1,0,3,1;3.2,4.7,1.2,4.3,1.1,2.5;0
18,21,30,31,31,31;0,0,1,3,0,2;4.4,1.1,4.5,1.3,1.4,4.1;0
18,21,30,31,32,32;1,3,1,2,3,1;1.2,4.2,2.3,4.3,1.1,3.6;0
18,21,30,31,32,34;1,3,1,1,3,0;3.2,2.5,1.2,4.3,1.1,5.5;0
18,21,30,31,32,35;1,1,1,2,0,1;4.3,3.5,5.4,3.0,1.1,1.3;0
18,21,30,31,32,37;0,0,1,2,0,2;4.4,1.1,4.5,4.1,1.3,3.1;0
18,21,30,31,34,39;1,1,1,2,0,0;4.3,3.5,5.4,3.0,1.1,1.4;0
18,21,31,32,32,32;1,3,1,3,3,1;1.2,4.2,2.3,1.1,3.5,3.6;0
18,21,31,32,32,33;1,2,1,3,3,0;1.2,4.7,4.4,1.1,3.3,2.3;0
18,21,31,32,35,39;0,0,2,0,1,2;4.3,3.5,3.0,1.1,1.3,4.6;0
18,21,31,34,39,39;0,0,2,0,0,2;4.3,3.5,3.0,1.1,1.4,4.6;0
18,23,30,30,32,32;3,0,1,0,3,1;4.5,2.5,1.2,3.2,1.1,3.6;0
18,23,32,32,33,39;1,1,3,0,0,2;1.2,2.3,1.1,3.3,5.2,4.6;0
18,24,30,30,31,32;0,1,1,1,2,0;4.4,1.1,2.0,4.5,4.1,2.4;0
18,24,30,31,32,32;1,2,1,0,3,1;3.2,2.5,1.2,4.3,1.1,3.6;0
18,24,30,32,32,33;0,0,0,3,1,0;4.3,2.2,3.4,1.1,3.6,1.2;0
18,24,30,32,33,39;1,3,1,3,0,0;1.2,5.4,4.5,1.1,2.3,3.3;0
18,24,31,31,32,34;0,1,0,2,3,0;4.3,5.4,2.5,3.0,1.4,1.1;0
18,24,31,32,32,35;0,1,2,0,0,1;4.3,5.4,3.0,1.1,3.5,1.3;0
18,24,31,32,33,39;0,0,1,3,0,2;4.3,2.2,3.4,1.1,1.2,4.6;0
18,24,31,32,34,39;0,1,2,0,0,0;4.3,5.4,3.0,3.5,1.1,1.4;0
18,24,32,33,33,39;0,1,3,0,0,2;2.2,3.3,1.1,1.2,5.2,4.6;0
18,25,30,30,32,34;0,1,1,1,3,1;4.4,2.5,1.2,4.5,1.1,3.2;0
18,25,30,30,32,39;1,1,1,1,3,3;1.2,5.5,2.3,4.2,1.1,3.6;0
18,25,30,32,33,39;0,3,1,3,0,1;4.4,1.1,4.5,3.3,2.3,2.0;0
18,25,30,32,34,39;1,1,1,3,0,1;1.2,3.6,2.3,1.1,5.5,4.2;0
18,25,32,35,38,39;1,3,1,2,3,1;2.3,1.1,3.6,4.2,3.4,2.0;0
18,25,33,34,35,39;1,3,0,0,2,1;2.3,1.1,3.4,5.5,4.2,2.0;0
18,27,32,33,39,39;0,2,3,0,1,2;2.2,1.2,1.1,5.2,2.4,4.6;0
18,28,30,30,31,32;2,2,1,1,2,1;1.1,3.6,2.0,5.4,4.1,1.4;0
18,28,30,31,32,34;3,2,0,2,1,0;4.5,1.4,3.3,3.0,3.6,1.1;0
18,28,30,31,32,39;3,1,1,2,1,0;2.5,3.2,5.3,1.2,3.6,1.1;0
18,28,30,32,33,39;0,1,0,1,0,0;4.3,3.2,3.4,3.6,1.2,1.1;0
18,28,31,32,32,34;3,2,3,2,1,0;4.5,1.4,3.4,3.0,3.6,1.1;0
18,28,31,33,39,39;0,1,1,0,0,2;4.3,3.2,3.4,1.2,1.1,4.6;0
18,28,32,33,35,39;3,1,1,0,3,0;4.5,3.4,3.6,1.2,3.2,1.1;0
18,29,30,31,32,32;3,0,1,0,3,1;4.5,2.5,1.2,3.2,1.1,3.6;0
18,29,30,31,32,34;2,0,0,0,3,0;1.2,4.4,2.2,2.5,1.1,5.5;0
18,29,30,31,33,37;2,0,1,0,0,2;1.1,4.7,2.0,1.4,5.2,4.1;0
18,29,31,31,34,39;2,0,3,0,0,0;1.2,4.4,2.3,2.5,5.5,1.1;0
19,19,30,30,32,32;3,1,1,1,3,1;2.5,4.2,1.2,5.3,1.1,3.6;1
19,19,30,30,32,35;1,1,1,1,1,2;1.1,4.2,2.3,5.3,3.6,2.0;0
19,19,30,30,35,35;1,3,1,1,2,0;1.1,5.6,2.3,4.2,2.0,3.6;1
19,19,31,31,32,32;2,0,0,2,0,2;1.3,3.3,2.5,3.0,1.1,5.4;1
19,19,31,31,34,34;3,1,0,2,0,0;2.3,4.4,1.4,4.1,1.1,5.5;1
19,19,31,32,32,32;2,0,3,3,1,1;1.2,2.2,4.5,1.1,1.4,3.6;0
19,19,31,32,34,35;0,3,2,1,0,0;2.3,5.6,3.0,1.4,1.1,3.6;0
19,19,32,32,32,39;2,0,3,1,0,3;1.2,2.2,1.1,1.4,5.4,3.6;0
19,19,32,33,34,35;1,1,3,0,0,2;1.1,4.4,3.3,2.3,5.5,2.0;0
19,20,30,31,31,34;1,1,1,0,2,0;4.4,2.0,1.1,1.4,4.1,5.5;0
19,20,30,32,32,33;1,3,1,3,1,0;2.0,1.1,3.1,2.5,3.6,5.2;0
19,20,30,32,33,35;1,3,1,1,0,2;1.1,4.2,2.3,3.6,5.2,2.0;0
19,20,30,33,35,35;1,1,1,0,2,0;1.1,5.3,4.5,2.3,2.0,3.3;0
19,20,30,33,39,39;1,3,1,0,0,2;2.0,1.1,3.1,5.2,2.5,4.6;0
19,20,31,32,35,35;1,0,1,1,2,2;1.1,3.5,2.3,3.6,2.0,4.2;0
19,20,31,34,38,39;1,3,0,0,2,1;2.0,1.1,2.5,5.5,3.1,4.2;0
19,21,30,31,32,32;1,1,1,0,3,1;4.2,1.3,5.3,1.2,1.1,3.6;0
19,21,30,31,32,35;1,3,1,0,2,3;1.1,2.0,2.2,2.5,5.4,4.3;0
19,21,30,31,34,39;1,3,1,0,0,2;1.1,2.0,2.2,2.5,5.5,4.3;0
19,21,30,32,32,34;0,0,1,3,1,1;1.3,1.1,5.3,2.2,3.6,1.4;0
19,21,30,32,34,39;0,3,0,3,0,1;1.4,2.5,1.2,1.1,5.5,4.2;0
19,21,31,31,31,34;1,0,3,0,2,0;4.4,1.1,1.3,1.4,4.1,5.5;0
19,21,31,32,32,34;0,1,2,0,1,1;3.3,1.3,3.0,1.1,3.6,3.4;0
19,21,31,32,32,35;0,1,1,3,3,2;3.4,2.4,1.2,1.1,3.3,4.5;0
19,21,31,32,33,35;1,2,1,3,0,2;1.1,4.7,4.4,3.3,2.3,2.0;0
19,21,31,32,34,37;1,0,2,0,0,2;4.4,1.1,4.1,1.3,5.5,3.1;0
19,21,31,34,36,39;0,1,2,0,3,3;3.3,3.5,3.0,1.1,1.4,4.5;0
19,21,31,34,39,39;0,3,2,0,1,1;1.4,2.5,1.1,5.5,2.0,4.2;0
19,21,32,32,32,39;0,0,3,3,1,1;3.3,1.1,2.2,3.5,3.6,1.3;0
19,21,32,32,34,39;1,0,0,0,0,1;3.1,1.1,1.3,3.5,5.5,4.2;0
19,21,32,32,35,39;0,1,2,3,2,1;3.4,2.4,1.1,3.3,4.5,2.0;0
19,21,33,35,39,39;1,3,0,1,1,2;1.1,2.0,5.2,2.4,2.2,4.6;0
19,22,31,31,32,32;0,1,1,0,3,3;2.4,5.6,1.2,2.5,1.1,3.3;0
19,22,31,32,32,36;0,3,2,3,1,0;3.3,1.1,3.0,3.5,3.6,1.4;0
19,22,31,32,32,39;0,1,0,2,3,1;2.4,5.6,2.5,1.1,3.3,2.0;0
19,23,30,30,32,35;1,2,0,1,1,2;1.1,2.3,2.4,5.3,3.6,2.0;0
19,23,32,33,35,39;1,1,0,0,2,2;1.1,2.3,3.3,5.2,2.0,4.6;0
19,24,30,31,32,34;1,1,1,2,0,0;4.4,1.1,2.0,4.1,2.4,5.5;0
19,24,30,32,32,33;0,2,0,3,1,0;1.2,2.5,1.3,1.1,3.6,5.2;0
19,24,30,33,35,39;1,3,1,0,2,0;1.1,5.4,4.5,2.3,2.0,3.3;0
19,24,31,32,34,36;0,2,2,1,0,3;3.3,3.5,3.0,3.6,1.1,1.4;0
19,24,33,33,35,39;1,3,0,0,2,2;1.1,3.3,2.3,5.2,2.0,4.6;0
19,25,30,30,32,39;1,3,1,1,1,1;4.2,1.1,2.3,5.3,3.6,2.0;0
19,25,30,30,35,39;1,1,1,1,2,3;1.1,5.5,2.3,4.2,2.0,3.6;0
19,25,30,32,34,34;1,1,1,3,1,0;4.4,2.5,1.2,1.1,3.2,5.5;0
19,25,30,32,34,39;1,3,1,1,0,3;4.2,3.0,5.3,3.6,1.1,1.4;0
19,25,30,34,35,39;1,1,1,0,2,1;1.1,3.6,2.3,5.5,2.0,4.2;0
19,25,31,31,32,34;0,0,0,2,2,0;3.3,1.4,2.5,3.0,5.4,1.1;0
19,25,31,32,34,39;0,1,2,1,0,3;2.3,5.5,3.0,1.4,1.1,3.6;0
19,25,32,33,34,39;1,3,3,0,0,1;4.4,1.1,3.3,2.3,5.5,2.0;0
19,26,31,32,32,34;0,0,2,3,1,0;3.3,1.4,3.0,3.5,3.6,1.1;0
19,27,32,33,35,38;0,0,3,0,2,2;2.2,4.4,1.1,1.2,4.5,3.3;0
19,27,33,35,39,39;1,0,0,2,1,2;1.1,2.3,5.2,2.0,2.4,4.6;0
19,28,30,31,32,34;3,2,1,2,1,0;2.3,3.6,5.4,4.1,1.4,1.1;0
19,28,30,31,34,35;3,2,0,2,0,0;5.6,1.4,3.3,3.0,1.1,3.6;0
19,28,30,32,33,39;2,1,0,1,0,0;3.4,3.2,4.3,3.6,1.2,1.1;0
19,28,31,31,34,39;3,2,2,0,0,3;5.6,3.6,3.0,3.3,1.1,1.4;0
19,28,31,32,34,34;0,2,2,1,0,1;3.3,1.4,3.0,3.6,1.1,3.4;0
19,28,31,32,34,35;3,2,3,2,0,0;5.6,1.4,3.4,3.0,1.1,3.6;0
19,28,32,32,34,39;3,2,2,0,0,3;5.6,3.6,3.0,4.3,1.1,1.4;0
19,28,33,35,35,39;3,1,0,3,0,0;5.6,3.4,1.2,3.2,3.6,1.1;0
19,29,30,31,32,34;0,0,0,0,3,0;1.2,4.4,1.3,2.5,1.1,5.5;0
19,29,30,31,32,35;3,0,1,0,3,0;5.6,2.5,1.2,3.2,1.1,3.6;0
19,29,31,32,32,32;0,3,2,0,3,1;3.3,1.3,3.0,1.1,3.5,3.6;0
19,29,31,32,32,39;0,3,1,3,3,2;3.4,2.4,1.2,1.1,3.3,4.6;0
19,29,31,33,34,37;3,0,0,0,0,2;2.3,4.7,1.4,5.2,1.1,4.1;0
19,29,32,32,39,39;0,3,2,3,1,2;3.4,2.4,1.1,3.3,2.0,4.6;0
19,29,32,33,34,39;3,0,2,0,0,3;3.6,4.7,3.0,5.2,1.1,1.4;0
20,20,30,30,31,31;1,3,1,1,0,2;2.0,4.4,1.1,5.4,1.4,4.1;1
20,20,30,31,31,32;1,1,1,0,1,3;4.4,5.3,1.2,2.5,3.2,1.1;0
20,20,31,31,32,32;1,1,2,0,3,1;4.4,5.3,1.2,2.5,1.1,2.2;0
20,20,31,31,33,34;1,1,0,2,1,0;4.4,5.3,2.5,3.0,1.4,1.1;0
20,20,31,31,35,35;1,1,2,0,0,2;4.4,5.3,1.2,2.5,1.1,3.1;0
20,20,31,31,39,39;1,1,2,0,0,2;4.4,5.3,1.2,2.5,1.1,3.2;0
20,20,31,32,32,32;2,0,3,3,1,1;1.2,2.3,4.5,1.1,1.4,3.6;0
20,20,32,32,32,39;2,0,3,1,0,3;1.2,2.3,1.1,1.4,5.4,3.6;0
20,20,32,32,33,33;1,3,3,1,0,0;2.2,4.2,1.1,3.6,1.2,5.2;1
20,20,32,32,36,36;2,0,3,1,3,1;1.2,3.5,1.1,3.6,1.4,3.3;1
20,20,32,32,39,39;2,0,3,1,0,2;1.2,3.5,1.1,3.6,1.4,4.3;1
20,20,33,33,35,35;1,3,0,0,0,2;3.1,3.3,1.2,5.2,1.1,4.5;1
20,20,33,33,39,39;1,1,0,0,0,2;4.4,5.3,1.2,3.4,1.1,3.2;0
20,20,38,38,39,39;3,1,2,0,3,1;1.1,5.3,2.0,4.4,2.5,3.1;1
20,21,30,30,32,32;0,2,1,0,3,1;3.4,4.7,1.2,3.2,1.1,2.5;0
20,21,30,31,31,31;1,2,1,0,2,1;2.0,4.7,1.1,1.4,4.1,4.4;0
20,21,30,31,32,32;0,3,0,0,3,2;1.4,4.2,1.2,2.5,1.1,5.4;0
20,21,30,31,32,37;1,2,1,2,1,1;2.0,4.7,1.1,4.1,2.5,1.4;0
20,21,30,31,34,34;1,3,1,2,0,1;5.3,1.4,4.5,3.0,1.1,2.3;0
20,21,30,32,34,39;1,3,0,3,0,1;3.4,1.4,1.2,1.1,5.5,4.2;0
20,21,31,31,32,39;0,3,2,0,2,1;1.4,4.2,1.1,2.5,5.4,2.0;0
20,21,31,32,32,33;1,3,2,3,1,0;2.2,4.2,4.3,1.1,3.6,1.2;0
20,21,31,32,32,35;0,0,1,3,1,2;3.5,2.4,1.2,1.1,3.6,4.2;0
20,21,31,32,33,35;1,1,2,0,0,1;5.3,3.5,3.0,1.1,4.3,1.3;0
20,21,31,32,33,39;0,1,2,1,0,0;3.5,4.1,3.2,3.6,1.2,1.1;0
20,21,31,33,34,39;1,1,2,0,0,0;5.3,3.5,3.0,4.3,1.1,1.4;0
20,21,31,33,35,35;1,1,0,0,0,2;5.3,3.5,3.4,1.2,1.1,3.1;0
20,21,31,33,39,39;1,1,0,0,0,2;5.3,3.5,3.4,1.2,1.1,3.2;0
20,21,31,34,39,39;1,3,2,0,1,1;3.4,1.4,1.1,5.5,2.0,4.2;0
20,21,32,32,32,39;0,0,3,1,1,1;3.5,1.1,2.2,3.3,3.6,1.3;0
20,21,32,32,35,39;0,0,2,1,2,1;3.5,2.4,1.1,3.6,4.2,2.0;0
20,21,32,32,38,39;0,0,0,1,2,1;3.5,1.1,1.3,3.6,3.1,4.2;0
20,21,32,35,35,39;0,0,1,0,2,1;3.5,1.1,3.6,2.2,4.2,1.3;0
20,21,32,35,39,39;0,3,1,1,1,2;3.5,2.0,3.6,1.3,1.1,4.3;0
20,21,32,39,39,39;0,0,1,1,0,2;3.5,1.1,3.6,1.3,2.2,4.3;0
20,21,38,39,39,39;1,0,0,2,3,1;5.3,1.1,4.4,1.3,2.5,3.1;0
20,22,30,31,31,34;1,2,1,0,2,0;5.3,2.3,4.5,1.4,3.0,1.1;0
20,22,31,32,32,36;0,3,2,1,1,0;3.5,1.1,3.0,3.3,3.6,1.4;0
20,22,32,32,35,39;0,2,3,1,2,1;3.5,1.2,1.1,3.6,4.2,1.3;0
20,22,32,32,36,39;0,3,2,1,0,2;3.5,1.1,3.0,3.6,1.4,4.3;0
20,22,32,33,39,39;0,3,1,0,0,2;3.5,3.2,3.6,1.2,1.1,4.3;0
20,23,30,30,32,32;0,3,1,1,3,1;2.5,5.2,1.2,3.2,1.1,3.6;0
20,23,31,31,32,32;0,3,1,3,3,1;2.5,5.2,1.2,2.4,1.1,3.6;0
20,23,31,32,32,39;0,3,2,0,1,0;2.5,5.2,1.2,3.2,3.6,1.1;0
20,23,31,34,38,39;1,0,2,0,0,3;5.3,1.4,3.0,1.1,4.4,2.5;0
20,23,32,32,32,33;0,2,3,1,1,0;3.5,3.4,1.1,2.2,3.6,1.2;0
20,23,32,32,32,38;0,3,3,3,1,1;2.5,5.2,1.1,1.4,3.6,1.2;0
20,23,32,32,33,34;0,3,3,1,0,0;2.5,5.2,1.4,3.6,3.0,1.1;0
20,23,32,32,35,39;0,1,3,1,2,1;3.5,1.2,1.1,3.6,4.2,2.2;0
20,23,32,33,35,35;0,2,1,0,0,2;3.5,3.4,3.6,1.2,1.1,3.1;0
20,23,32,33,39,39;0,2,1,0,0,2;3.5,3.4,3.6,1.2,1.1,3.2;0
20,23,35,38,38,39;1,2,2,2,0,3;5.3,2.3,2.0,1.1,4.4,2.5;0
20,24,30,30,31,32;1,3,1,1,0,2;2.0,5.4,1.1,4.5,1.4,4.1;0
20,24,30,32,32,39;0,0,0,3,1,1;3.5,1.4,1.2,1.1,3.6,4.2;0
20,24,31,32,39,39;0,0,2,1,1,1;3.5,1.4,1.1,3.6,2.0,4.2;0
20,24,32,32,33,33;0,0,3,1,0,1;3.5,2.2,1.1,3.6,1.2,3.4;0
20,24,32,32,35,39;0,0,3,1,1,2;3.5,1.2,1.1,3.6,1.3,4.3;0
20,24,32,33,35,39;1,0,3,0,3,3;5.3,2.2,1.1,1.2,3.4,3.6;0
20,24,33,33,35,39;1,1,0,0,0,2;3.1,3.3,1.2,5.2,1.1,4.6;0
20,25,30,30,32,34;1,3,1,1,1,1;2.0,4.1,1.1,5.3,3.6,1.4;0
20,25,30,32,33,39;1,1,1,1,0,3;2.0,5.5,1.1,1.4,4.1,3.6;0
20,25,30,33,35,39;1,3,1,0,0,1;5.3,1.1,4.5,2.3,3.3,2.0;0
20,25,31,32,34,36;0,2,2,1,0,3;3.5,3.3,3.0,3.6,1.1,1.4;0
20,25,31,32,35,39;0,3,1,1,2,1;3.5,1.1,2.3,3.6,4.2,2.0;0
20,25,32,32,39,39;0,2,3,1,1,2;3.5,1.2,1.1,3.6,1.3,4.3;0
20,25,32,33,34,39;1,1,3,0,0,1;2.2,3.6,1.1,1.2,5.5,4.2;0
20,25,32,34,36,39;0,3,1,0,3,1;3.5,3.0,3.6,1.1,1.4,4.2;0
20,26,31,32,32,34;0,0,2,1,1,0;3.5,1.4,3.0,3.3,3.6,1.1;0
20,26,32,32,34,36;0,0,2,1,0,3;3.5,4.3,3.0,3.6,1.1,1.4;0
20,26,32,32,34,39;0,0,2,1,0,2;3.5,1.4,3.0,3.6,1.1,4.3;0
20,27,32,32,33,39;0,1,3,1,0,2;3.5,2.2,1.1,3.6,1.2,4.3;0
20,27,33,35,39,39;1,2,0,0,1,2;3.1,1.2,5.2,1.1,2.4,4.6;0
20,28,30,30,31,32;1,2,1,1,2,1;2.0,3.6,1.1,5.4,4.1,1.4;0
20,28,30,30,31,35;3,2,1,1,2,2;1.1,3.6,2.0,5.4,4.1,2.3;0
20,28,30,31,32,34;2,2,0,2,1,0;3.3,1.4,4.4,3.0,3.6,1.1;0
20,28,31,31,34,39;2,2,2,0,0,3;3.3,1.4,3.0,4.4,1.1,3.6;0
20,28,31,32,32,39;0,1,1,3,1,1;3.5,2.4,1.2,1.1,3.6,4.2;0
20,28,32,32,33,35;2,2,3,1,0,0;1.2,3.4,1.1,3.6,5.2,1.4;0
20,28,32,32,39,39;0,1,2,1,1,1;3.5,2.4,1.1,3.6,2.0,4.2;0
20,28,32,33,33,39;0,1,1,0,1,0;3.5,3.2,3.6,1.2,3.4,1.1;0
20,28,33,35,39,39;1,1,0,3,0,3;5.3,3.2,1.2,3.4,1.1,3.6;0
20,29,30,31,33,37;1,0,1,0,0,2;2.0,4.7,1.1,1.4,5.2,4.1;0
20,29,31,32,32,32;0,3,2,0,1,1;3.5,1.3,3.0,1.1,3.3,3.6;0
20,29,31,32,33,34;2,0,0,3,1,0;1.2,4.4,2.5,1.1,1.4,5.5;0
20,29,31,34,35,39;3,3,0,0,2,1;1.1,2.2,2.5,5.5,4.2,2.0;0
20,29,32,32,32,39;0,3,3,1,1,2;3.5,1.3,1.1,1.2,3.6,4.3;0
20,29,32,32,33,35;0,0,0,1,0,1;3.5,4.4,1.1,3.6,3.0,1.3;0
20,29,32,32,34,35;0,3,3,1,1,2;3.5,1.3,1.1,3.6,1.2,4.2;0
20,29,32,32,38,39;0,0,3,1,1,0;3.5,4.4,1.1,3.6,1.2,1.4;0
20,29,32,33,34,39;0,0,1,0,0,0;3.5,4.4,3.6,1.2,3.2,1.1;0
20,29,32,33,38,39;2,0,3,0,0,3;1.2,4.7,1.1,5.2,3.3,1.4;0
21,21,30,30,32,32;0,2,0,0,3,1;1.1,4.7,1.3,4.3,2.2,2.5;1
21,21,30,30,32,35;0,0,0,1,1,2;1.1,1.3,2.4,5.3,3.6,3.1;0
21,21,30,31,32,32;3,2,1,2,3,1;4.2,4.7,1.2,3.2,1.1,2.5;0
21,21,30,31,32,34;0,3,0,1,3,0;1.1,2.5,1.3,4.3,2.2,5.5;0
21,21,30,32,32,33;3,3,1,3,2,0;2.5,4.2,1.2,1.1,5.4,3.2;0
21,21,30,32,32,34;3,1,0,3,1,1;1.2,1.3,4.4,1.1,3.6,3.2;0
21,21,30,33,33,39;3,3,1,0,0,2;1.4,2.0,1.1,3.2,5.2,4.6;0
21,21,31,31,31,31;0,2,3,0,2,1;1.1,4.7,1.3,1.4,4.1,4.4;1
21,21,31,31,32,32;3,3,2,0,3,2;2.2,4.2,1.2,2.5,1.1,5.4;0
21,21,31,31,32,35;3,3,2,0,2,3;1.1,2.0,1.2,2.5,5.4,4.3;0
21,21,31,31,32,37;0,2,2,1,0,2;1.1,4.7,4.1,4.4,1.3,3.1;0
21,21,31,31,32,39;3,2,2,0,2,1;4.2,4.7,1.1,1.4,4.3,2.0;0
21,21,31,31,34,34;3,1,3,1,0,0;2.5,3.0,1.4,4.3,1.1,5.5;1
21,21,31,31,34,39;3,3,2,0,0,2;1.1,2.0,1.2,2.5,5.5,4.3;0
21,21,31,32,32,32;0,3,3,3,1,1;1.1,3.1,4.5,1.3,1.4,3.6;0
21,21,31,32,32,34;3,0,2,3,1,0;2.5,4.4,1.2,1.1,2.2,5.5;0
21,21,31,32,34,39;3,1,0,3,1,3;1.2,1.3,4.4,1.1,3.2,3.6;0
21,21,31,32,35,38;3,3,0,2,2,2;2.5,4.2,2.3,5.4,2.0,1.1;0
21,21,31,32,38,39;1,3,0,2,3,1;1.1,4.2,2.5,5.4,1.3,2.0;0
21,21,31,33,34,34;3,0,2,1,0,0;2.5,4.4,3.0,1.4,1.1,5.5;0
21,21,31,34,35,35;3,0,2,0,0,2;2.5,4.4,1.2,5.5,1.1,3.1;0
21,21,31,34,39,39;3,0,2,0,0,2;2.5,4.4,1.2,5.5,1.1,3.2;0
21,21,32,32,32,39;0,3,3,1,0,3;1.1,3.1,1.3,1.4,5.4,3.6;0
21,21,32,32,33,33;3,3,3,2,0,0;2.2,4.2,1.1,5.4,1.2,3.4;0
21,21,32,32,34,34;1,3,3,1,1,1;1.3,4.2,1.1,3.6,1.2,3.4;1
21,21,32,32,35,39;0,3,3,1,0,1;1.1,4.2,3.5,3.6,2.2,1.3;0
21,21,32,32,37,37;0,2,3,1,1,1;1.1,4.7,2.2,2.5,1.3,1.4;1
21,21,32,33,33,35;3,3,2,0,0,3;1.1,2.0,5.4,1.2,3.4,4.3;0
21,21,32,33,38,39;3,3,1,0,3,2;1.1,2.0,3.6,1.2,3.4,4.3;0
21,21,32,34,35,38;3,2,1,1,2,2;4.2,4.7,2.5,2.3,2.0,1.1;0
21,21,32,34,35,39;0,0,0,0,1,1;1.1,2.2,3.5,5.5,1.3,4.2;0
21,21,33,33,34,39;3,3,0,0,0,2;1.1,2.0,1.2,3.4,5.5,4.3;0
21,21,34,35,38,39;3,3,0,2,2,1;2.3,2.5,5.5,2.0,1.1,4.2;0
21,21,35,35,39,39;3,1,1,3,1,3;2.0,3.5,1.3,4.3,1.1,4.5;1
21,21,35,39,39,39;3,2,1,1,2,3;2.0,4.7,1.3,1.1,3.5,4.3;0
21,21,39,39,39,39;0,2,1,0,2,3;1.1,4.7,1.3,2.2,3.5,4.3;1
21,22,30,32,34,39;1,0,1,1,0,3;3.0,1.4,5.3,3.6,1.1,2.3;0
21,22,32,32,32,39;1,0,3,1,1,3;1.3,3.4,1.1,1.2,3.6,4.3;0
21,22,32,35,36,39;3,1,0,1,2,1;2.0,5.6,3.5,1.3,4.3,1.1;0
21,22,32,36,39,39;0,1,0,2,1,0;1.1,5.6,3.5,4.3,1.3,2.2;0
21,22,33,35,39,39;3,1,0,1,1,2;2.0,3.5,5.2,1.3,1.1,4.6;0
21,22,33,39,39,39;0,1,0,1,0,2;1.1,3.5,5.2,1.3,2.2,4.6;0
21,23,30,30,32,32;2,1,0,1,3,2;4.7,1.2,2.2,3.4,1.1,5.2;0
21,23,30,31,32,39;2,1,1,3,2,0;4.7,1.2,3.4,2.3,5.2,1.1;0
21,23,30,31,33,39;1,1,1,2,0,0;3.5,3.2,5.4,4.1,1.2,1.1;0
21,23,30,32,34,39;3,1,1,3,0,1;2.5,3.2,1.2,1.1,5.5,4.2;0
21,23,30,32,36,39;1,1,0,1,2,0;4.1,1.2,4.4,3.6,2.3,1.1;0
21,23,31,34,39,39;2,0,2,0,3,0;4.7,1.4,3.0,1.1,2.5,4.4;0
21,23,31,36,39,39;1,1,0,2,0,3;4.1,1.2,4.4,2.3,1.1,3.6;0
21,23,32,32,32,39;3,1,3,3,1,1;4.2,1.2,1.1,3.5,3.6,2.2;0
21,23,32,32,33,34;0,1,3,1,0,0;4.4,3.4,1.1,2.2,1.2,5.5;0
21,23,32,33,35,39;2,1,2,0,3,0;2.3,1.2,5.4,3.4,4.3,1.1;0
21,23,32,38,39,39;2,1,1,3,0,2;2.3,1.2,3.6,3.4,1.1,4.3;0
21,23,33,34,35,35;0,1,0,0,0,2;4.4,3.4,1.2,5.5,1.1,3.1;0
21,23,33,34,39,39;2,1,0,0,0,2;2.3,1.2,3.4,5.5,1.1,4.3;0
21,23,35,38,39,39;0,0,0,0,2,1;1.1,2.5,3.6,5.3,1.3,3.1;0
21,24,30,30,31,35;3,3,1,1,0,1;2.0,5.4,1.1,4.5,1.4,3.2;0
21,24,30,31,31,32;0,3,1,3,0,2;1.1,5.4,4.5,1.3,1.4,4.1;0
21,24,30,31,32,32;0,2,0,0,3,1;1.1,2.5,1.3,4.3,2.2,3.6;0
21,24,30,31,32,34;3,3,1,2,1,0;1.4,5.4,4.5,3.0,2.3,1.1;0
21,24,30,32,32,37;0,3,1,0,2,2;1.1,5.4,4.5,1.3,4.1,3.1;0
21,24,31,31,32,34;3,0,2,1,3,0;2.5,2.2,1.2,4.3,1.1,5.5;0
21,24,31,32,32,33;0,0,3,3,1,0;3.4,2.2,4.5,1.1,3.6,1.2;0
21,24,32,32,33,39;0,0,3,0,0,3;3.4,2.2,1.1,5.4,1.2,3.6;0
21,24,32,33,38,39;3,2,1,0,2,1;2.0,2.5,3.6,5.2,1.1,2.2;0
21,24,32,35,35,39;3,2,1,1,3,1;2.0,3.5,3.6,1.3,4.3,1.1;0
21,24,32,35,39,39;0,2,1,3,1,0;1.1,3.5,3.6,4.3,1.3,2.2;0
21,25,30,31,32,34;0,3,1,3,1,1;1.1,4.1,5.3,1.3,3.6,1.4;0
21,25,30,31,32,39;3,3,1,2,1,1;4.2,1.1,2.3,4.3,3.6,2.0;0
21,25,30,32,33,39;3,1,0,3,0,2;1.4,3.4,1.2,1.1,5.2,4.6;0
21,25,31,32,32,34;3,2,1,3,3,0;2.5,2.4,1.2,1.1,3.3,5.5;0
21,25,31,32,32,38;3,3,0,0,2,3;4.2,3.0,2.5,1.1,5.4,1.3;0
21,25,31,32,32,39;3,3,1,3,1,1;4.2,1.1,2.3,3.5,3.6,2.0;0
21,25,31,32,33,39;0,1,3,1,0,3;1.1,5.5,1.3,1.4,4.1,3.6;0
21,25,31,32,34,39;3,3,2,1,0,3;4.2,3.0,4.3,3.6,1.1,1.4;0
21,25,31,33,39,39;3,1,2,0,1,2;1.4,3.4,1.1,5.2,2.0,4.6;0
21,25,32,32,34,39;3,2,2,3,0,1;2.5,2.4,1.1,3.3,5.5,2.0;0
21,25,32,35,39,39;3,0,1,1,1,3;2.0,3.5,3.6,1.3,1.1,4.3;0
21,25,32,39,39,39;0,0,1,1,0,3;1.1,3.5,3.6,1.3,2.2,4.3;0
21,26,32,34,35,39;3,0,0,0,1,1;2.0,4.3,3.5,5.5,1.3,1.1;0
21,26,32,34,39,39;0,0,0,0,1,0;1.1,4.3,3.5,5.5,1.3,2.2;0
21,27,32,33,35,39;3,3,1,0,1,1;2.0,3.5,3.6,5.2,1.3,1.1;0
21,27,32,33,39,39;0,3,1,0,1,0;1.1,3.5,3.6,5.2,1.3,2.2;0
21,27,32,35,38,39;0,2,0,0,0,1;1.1,3.3,1.3,3.6,5.3,3.1;0
21,27,33,35,35,38;1,2,0,0,2,0;2.4,1.2,5.2,1.1,4.5,3.1;0
21,28,30,30,32,33;1,2,1,1,1,0;3.0,1.1,3.3,5.3,3.6,1.2;0
21,28,30,30,32,39;0,1,0,1,1,1;1.1,1.3,2.4,5.3,3.6,3.1;0
21,28,30,31,31,32;0,2,1,3,2,1;1.1,3.6,5.4,1.3,4.1,1.4;0
21,28,30,31,32,39;2,1,0,2,1,0;4.7,3.2,4.3,1.2,2.5,1.1;0
21,28,30,32,32,37;0,2,1,1,3,1;1.1,3.6,5.4,1.4,2.2,1.3;0
21,28,30,32,33,34;1,2,1,1,0,0;3.0,1.4,5.3,3.6,3.2,1.1;0
21,28,30,32,33,39;1,2,1,2,0,0;4.1,3.6,5.4,3.2,1.2,1.1;0
21,28,31,31,32,33;1,2,1,3,1,0;3.0,1.1,3.3,4.5,3.6,1.2;0
21,28,31,31,32,34;1,2,2,0,1,0;3.0,1.1,1.2,2.5,3.3,5.5;0
21,28,31,31,34,39;3,1,2,1,0,0;2.5,3.2,1.2,4.3,5.5,1.1;0
21,28,31,32,32,34;2,2,3,2,1,0;3.4,1.4,4.5,3.0,3.6,1.1;0
21,28,31,32,33,39;0,1,3,1,0,0;3.4,3.2,4.5,3.6,1.2,1.1;0
21,28,31,34,35,38;1,2,2,0,0,0;3.0,1.4,3.2,1.1,3.6,5.3;0
21,28,31,34,38,39;3,2,2,0,1,3;4.4,1.4,3.0,1.1,3.3,3.6;0
21,28,32,32,32,33;1,2,3,1,1,0;1.3,3.4,1.1,1.2,3.6,5.2;0
21,28,32,32,33,38;1,2,3,1,0,1;3.0,1.1,3.5,3.6,1.2,3.3;0
21,28,32,32,34,39;2,2,2,0,0,3;3.4,1.4,3.0,5.4,1.1,3.6;0
21,28,32,33,33,34;1,2,1,0,0,0;3.0,1.1,3.3,1.2,3.4,5.5;0
21,28,32,33,39,39;0,1,0,0,0,3;3.4,3.2,5.4,1.2,1.1,3.6;0
21,28,32,34,35,39;2,2,2,0,2,3;4.7,1.4,3.0,1.1,3.4,4.3;0
21,28,33,38,39,39;1,1,0,0,0,3;3.5,3.2,1.2,5.3,1.1,3.4;0
21,29,30,30,32,33;0,0,1,1,0,0;1.1,4.7,3.1,3.4,1.3,5.2;0
21,29,30,32,32,38;0,0,1,0,1,3;1.1,4.4,3.1,1.3,3.6,3.4;0
21,29,30,32,33,34;0,0,1,0,0,0;1.1,4.4,3.1,1.3,3.4,5.5;0
21,29,30,32,34,34;3,3,1,3,1,0;2.5,3.3,1.2,1.1,3.2,5.5;0
21,29,31,31,32,34;2,0,1,0,3,0;2.4,4.4,1.2,2.5,1.1,5.5;0
21,29,31,31,33,37;0,0,3,0,0,2;1.1,4.7,1.3,1.4,5.2,4.1;0
21,29,31,32,32,33;1,0,1,3,0,0;2.4,4.7,1.2,1.1,3.3,5.2;0
21,29,31,32,34,39;1,3,3,1,0,3;3.0,3.2,4.5,3.6,1.1,1.4;0
21,29,31,34,38,39;3,0,0,0,2,1;2.0,4.4,2.5,5.5,1.1,2.2;0
21,29,32,32,32,34;3,3,3,3,1,1;4.2,1.3,1.1,3.5,3.6,1.2;0
21,29,32,32,33,39;1,0,2,0,0,1;2.4,4.7,1.1,3.3,5.2,2.0;0
21,29,32,32,35,39;1,3,3,1,3,3;3.5,1.3,1.1,1.2,4.3,4.5;0
21,29,32,32,39,39;2,3,3,1,2,3;4.7,1.3,1.1,1.2,3.5,4.3;0
21,29,32,33,37,37;0,0,0,0,2,2;1.1,4.7,1.3,5.2,3.1,4.1;0
21,29,32,34,36,39;3,3,0,0,1,1;2.0,1.3,3.5,5.5,3.3,1.1;0
21,29,32,34,39,39;1,3,0,0,1,1;1.1,1.3,3.5,5.5,2.0,4.2;0
22,22,32,32,36,36;3,1,2,0,0,2;1.1,5.6,3.0,3.5,1.4,4.3;1
22,22,32,33,36,39;3,1,2,0,0,2;1.1,3.5,3.0,5.2,1.4,4.6;0
22,22,33,33,39,39;3,1,0,0,0,2;3.2,3.5,1.2,5.2,1.1,4.6;1
22,24,30,33,35,39;1,1,1,0,1,2;3.3,1.1,2.0,5.2,2.4,4.6;0
22,24,32,32,35,36;1,0,3,0,1,2;5.6,1.2,1.1,3.5,1.3,4.3;0
22,24,32,33,35,39;1,0,3,0,1,2;3.5,1.2,1.1,5.2,1.3,4.6;0
22,25,30,30,31,32;1,3,1,1,0,3;5.6,5.2,1.2,3.2,2.5,1.1;0
22,25,30,31,32,37;1,3,0,0,3,2;5.6,5.2,1.2,1.4,1.1,4.2;0
22,25,30,31,32,39;1,3,0,0,3,1;5.6,4.4,1.2,1.4,1.1,4.2;0
22,25,31,31,31,32;1,3,1,3,0,3;5.6,5.2,1.2,2.4,2.5,1.1;0
22,25,31,31,32,39;1,3,2,0,0,0;5.6,5.2,1.2,2.5,3.2,1.1;0
22,25,31,31,37,39;1,3,2,0,2,1;5.6,5.2,1.1,1.4,4.2,2.0;0
22,25,31,31,39,39;1,3,2,0,1,1;5.6,4.4,1.1,1.4,2.0,4.2;0
22,25,31,32,32,37;1,3,1,3,0,2;5.6,5.2,1.2,1.1,2.4,4.2;0
22,25,31,32,32,38;1,3,0,3,3,1;5.6,5.2,2.5,1.1,1.4,1.2;0
22,25,31,32,32,39;1,3,1,3,0,1;5.6,4.4,1.2,1.1,2.4,4.2;0
22,25,31,32,33,33;1,3,0,3,0,0;5.6,5.2,2.2,1.1,1.2,3.4;0
22,25,31,32,33,34;1,3,0,3,0,0;5.6,5.2,2.5,1.4,3.0,1.1;0
22,25,31,32,34,36;1,0,0,2,0,2;5.6,1.4,2.5,3.0,1.1,4.3;0
22,25,32,32,33,35;1,3,0,0,0,1;5.6,5.2,1.1,3.5,3.0,1.3;0
22,25,32,32,36,39;1,2,3,0,2,1;5.6,1.2,1.1,3.5,4.3,1.3;0
22,25,32,32,37,39;1,3,2,0,2,1;5.6,5.2,1.1,2.4,4.2,2.0;0
22,25,32,32,38,39;1,3,3,0,1,0;5.6,5.2,1.1,3.5,1.2,1.4;0
22,25,32,32,39,39;1,3,2,0,1,1;5.6,4.4,1.1,2.4,2.0,4.2;0
22,25,32,33,33,39;1,3,0,0,0,0;5.6,5.2,3.2,1.2,3.4,1.1;0
22,25,32,33,34,39;1,3,0,0,0,0;5.6,5.2,3.5,1.2,3.2,1.1;0
22,25,32,33,39,39;1,2,3,0,1,2;3.5,1.2,1.1,5.2,1.3,4.6;0
22,25,32,34,36,39;1,1,2,0,2,3;5.6,3.6,3.0,1.1,4.3,1.4;0
22,26,32,32,34,36;1,0,2,0,0,2;5.6,1.4,3.0,3.5,1.1,4.3;0
22,26,32,33,34,39;1,0,2,0,0,2;3.5,1.4,3.0,5.2,1.1,4.6;0
22,27,31,31,32,34;1,1,0,2,3,0;5.6,4.3,2.5,3.0,1.4,1.1;0
22,27,31,32,32,35;1,1,2,0,0,1;5.6,4.3,3.0,1.1,3.5,1.3;0
22,27,31,32,34,39;1,1,2,0,0,0;5.6,4.3,3.0,3.5,1.1,1.4;0
22,27,32,32,33,36;1,1,3,0,0,2;5.6,2.2,1.1,3.5,1.2,4.3;0
22,27,32,33,33,39;1,1,3,0,0,2;3.5,2.2,1.1,1.2,5.2,4.6;0
22,28,32,32,34,39;0,2,2,1,0,3;3.4,1.4,3.0,3.6,1.1,4.3;0
22,29,30,31,31,32;3,0,1,3,2,1;1.1,1.4,5.3,2.5,3.0,3.6;0
22,29,30,32,32,39;3,0,0,3,1,3;1.1,2.2,4.4,3.3,3.6,1.4;0
22,29,31,31,32,32;3,0,2,0,3,1;1.1,1.4,3.0,4.3,2.5,3.6;0
22,29,31,31,33,34;3,0,0,2,1,0;1.1,1.4,2.5,3.0,3.4,5.5;0
22,29,31,31,35,35;3,0,2,0,0,2;1.1,1.4,3.0,4.3,2.5,4.5;0
22,29,31,31,39,39;3,0,2,0,0,2;1.1,1.4,3.0,4.3,2.5,4.6;0
22,29,31,32,34,39;3,0,0,3,0,1;1.1,2.2,2.5,1.4,5.5,4.2;0
22,29,31,32,39,39;3,0,3,1,3,0;1.1,2.2,4.5,3.6,1.4,3.3;0
22,29,31,33,34,35;3,0,0,1,0,2;1.1,2.2,2.5,1.4,5.5,4.2;0
22,29,32,32,32,36;1,3,3,1,0,2;5.6,1.3,1.1,1.2,3.5,4.3;0
22,29,32,32,33,33;3,0,3,1,0,0;1.1,1.4,2.5,3.6,3.0,5.2;0
22,29,32,32,33,39;1,3,3,1,0,2;3.5,1.3,1.1,1.2,5.2,4.6;0
22,29,32,34,39,39;3,0,0,0,0,1;1.1,2.2,3.5,5.5,1.4,4.2;0
22,29,32,39,39,39;3,0,0,3,0,3;1.1,2.2,5.4,1.4,3.3,3.6;0
22,29,33,33,35,35;3,0,0,0,0,2;1.1,1.4,3.0,5.2,2.5,4.5;0
22,29,33,33,39,39;3,0,0,0,0,2;1.1,1.4,3.0,5.2,2.5,4.6;0
22,29,35,35,38,39;3,0,0,0,0,3;1.1,2.2,3.3,3.6,5.3,1.4;0
23,23,30,30,32,32;1,3,0,0,3,1;1.2,5.2,2.2,3.4,1.1,3.6;1
23,23,30,31,32,39;1,3,0,1,3,2;1.2,5.2,2.2,3.4,1.1,4.6;0
23,23,30,32,32,34;1,3,0,3,1,1;1.2,2.2,4.4,1.1,3.6,3.2;0
23,23,31,31,34,34;0,2,0,2,0,0;1.4,3.4,2.5,3.0,1.1,5.5;1
23,23,31,31,39,39;1,3,3,1,0,2;1.2,5.2,2.3,3.4,1.1,4.6;1
23,23,31,32,34,39;1,3,0,3,1,3;1.2,2.2,4.4,1.1,3.2,3.6;0
23,23,31,34,35,38;0,0,2,0,0,0;1.4,2.5,3.0,1.1,3.6,5.3;0
23,23,35,35,38,38;2,0,2,0,2,0;2.3,2.5,2.0,3.6,1.1,5.3;1
23,24,30,30,31,32;1,3,1,1,2,1;1.2,1.1,3.3,5.3,3.0,3.6;0
23,24,30,31,32,37;1,3,0,2,1,2;1.2,1.1,4.4,4.1,3.6,3.0;0
23,24,30,31,32,39;1,3,0,2,1,0;1.2,2.3,4.4,4.1,3.6,1.1;0
23,24,31,31,31,32;1,3,2,1,3,1;1.2,1.1,3.0,3.3,4.5,3.6;0
23,24,31,31,32,39;1,3,2,1,0,3;1.2,1.1,3.0,3.3,5.4,3.6;0
23,24,31,31,37,39;1,3,2,0,2,3;1.2,1.1,4.1,4.4,3.0,3.6;0
23,24,31,31,39,39;1,3,2,0,0,3;1.2,2.3,4.1,4.4,1.1,3.6;0
23,24,31,32,32,37;1,3,3,1,2,2;1.2,1.1,4.5,3.6,4.1,3.0;0
23,24,31,32,32,38;1,3,2,3,1,1;1.2,1.1,3.0,3.5,3.6,3.3;0
23,24,31,32,32,39;1,3,3,1,2,0;1.2,2.3,4.5,3.6,4.1,1.1;0
23,24,31,32,33,33;1,3,2,1,0,0;1.2,1.1,3.3,3.6,3.0,5.2;0
23,24,31,32,33,34;1,3,2,1,0,0;1.2,1.1,3.0,3.3,3.4,5.5;0
23,24,32,32,33,35;1,3,2,2,0,3;1.2,1.1,3.0,5.4,3.4,4.3;0
23,24,32,32,37,39;1,3,2,0,2,3;1.2,1.1,4.1,5.4,3.0,3.6;0
23,24,32,32,38,39;1,3,2,1,3,2;1.2,1.1,3.0,3.6,3.4,4.3;0
23,24,32,32,39,39;1,3,2,0,0,3;1.2,2.3,4.1,5.4,1.1,3.6;0
23,24,32,33,33,39;1,3,2,0,0,2;1.2,1.1,3.3,3.0,5.2,4.6;0
23,24,32,33,34,39;1,3,2,0,0,2;1.2,1.1,3.0,3.4,5.5,4.3;0
23,25,30,30,32,39;0,1,1,0,3,3;2.5,5.5,1.2,3.2,1.1,3.6;0
23,25,32,33,39,39;1,3,0,0,1,2;2.3,1.1,3.3,5.2,2.0,4.6;0
23,27,32,35,38,38;1,0,3,2,1,2;1.2,4.4,1.1,4.5,2.2,3.3;0
23,28,30,31,34,35;0,2,1,2,0,0;3.4,3.6,5.4,3.0,1.1,1.4;0
23,28,31,32,33,33;3,2,2,1,0,0;3.0,1.1,3.3,3.6,1.2,5.2;0
23,28,31,32,39,39;3,2,1,3,1,2;5.2,3.3,1.2,1.1,2.4,4.6;0
23,28,31,33,34,39;1,1,1,0,0,0;3.4,3.2,4.3,1.2,5.5,1.1;0
23,28,32,32,34,39;3,2,2,1,0,3;5.2,1.4,3.0,3.6,1.1,3.4;0
23,28,32,33,33,39;3,2,2,0,0,2;3.0,1.1,3.3,1.2,5.2,4.6;0
23,28,32,39,39,39;3,2,2,1,1,2;5.2,3.3,1.1,2.0,2.4,4.6;0
23,29,30,30,32,33;1,0,0,1,3,0;1.2,4.7,2.2,3.4,1.1,5.2;0
23,29,30,31,33,39;1,0,1,3,0,0;1.2,4.7,3.4,2.3,5.2,1.1;0
23,29,30,32,32,38;1,0,0,3,1,3;1.2,4.4,2.2,1.1,3.6,3.4;0
23,29,30,32,33,34;1,0,0,3,0,0;1.2,4.4,2.2,1.1,3.4,5.5;0
23,29,31,31,34,34;3,0,3,0,0,0;3.0,4.4,1.4,2.5,1.1,5.5;0
23,29,31,32,38,39;1,0,3,1,3,0;1.2,4.4,2.3,3.6,3.4,1.1;0
23,29,31,33,34,39;1,0,3,0,0,0;1.2,4.4,2.3,3.4,5.5,1.1;0
24,24,30,30,32,32;1,3,1,1,0,2;1.1,5.4,2.0,4.5,2.4,4.1;1
24,24,31,31,32,32;0,2,2,0,3,1;2.2,2.5,1.2,4.3,1.1,3.6;1
24,24,32,32,35,35;0,2,3,1,1,3;1.2,3.5,1.1,3.6,1.3,4.3;1
24,24,33,33,39,39;3,1,0,0,0,2;3.2,3.3,1.2,5.2,1.1,4.6;1
24,25,30,31,31,34;1,0,1,0,2,0;1.1,2.4,2.0,2.5,4.1,5.5;0
24,25,30,33,39,39;1,1,1,0,1,2;1.1,3.3,2.0,5.2,2.4,4.6;0
24,25,32,32,35,39;0,0,3,1,1,3;1.2,3.5,1.1,3.6,1.3,4.3;0
24,25,33,33,39,39;1,1,0,0,0,3;3.2,5.5,1.2,4.1,1.1,3.6;0
24,26,32,32,34,35;2,0,2,1,0,3;3.5,1.4,3.0,3.6,1.1,4.3;0
24,27,32,32,33,35;0,3,3,1,0,1;1.2,3.5,1.1,3.6,5.2,1.3;0
24,27,33,39,39,39;3,2,0,0,1,2;3.2,1.2,5.2,1.1,2.4,4.6;0
24,28,30,30,31,39;1,2,1,1,2,2;1.1,3.6,2.0,5.4,4.1,2.4;0
24,28,30,31,33,39;1,2,1,2,0,0;3.2,3.6,5.4,4.1,1.2,1.1;0
24,28,30,31,34,39;0,2,1,2,0,3;3.3,3.6,5.4,3.0,1.1,1.4;0
24,28,31,31,32,39;2,1,2,0,1,0;2.5,3.2,1.2,4.3,3.6,1.1;0
24,28,32,33,35,38;0,1,3,0,0,0;2.2,3.4,1.1,1.2,3.6,5.3;0
24,29,30,30,30,32;1,0,1,0,1,1;1.1,3.3,2.0,2.4,5.3,3.6;0
24,29,30,31,32,33;0,0,1,0,3,0;2.2,4.7,3.4,4.3,1.1,1.2;0
24,29,30,32,33,37;1,0,1,0,0,2;1.1,4.7,2.0,2.4,5.2,4.1;0
24,29,32,32,32,35;2,3,3,1,1,3;3.5,1.3,1.1,1.2,3.6,4.3;0
24,29,32,32,34,36;0,3,3,0,0,1;1.2,1.3,1.1,3.5,5.5,3.3;0
25,25,30,30,39,39;3,1,1,1,1,3;1.1,5.5,2.3,4.2,2.0,3.6;1
25,25,30,34,39,39;3,1,1,0,1,1;1.1,3.6,2.3,5.5,2.0,4.2;0
25,25,31,31,34,34;0,2,0,2,0,0;1.4,3.3,2.5,3.0,1.1,5.5;1
25,25,31,34,34,39;0,3,0,0,0,1;1.4,3.0,2.5,1.1,5.5,4.2;0
25,25,32,32,39,39;2,0,3,1,1,3;1.2,3.5,1.1,3.6,1.3,4.3;1
25,25,34,34,39,39;3,1,0,0,3,1;3.0,3.6,1.1,5.5,1.4,4.2;1
25,26,31,32,34,34;2,0,2,0,0,0;3.3,1.4,3.0,3.5,1.1,5.5;0
25,26,32,32,34,39;0,0,2,1,0,3;3.5,1.4,3.0,3.6,1.1,4.3;0
25,26,32,34,34,39;3,0,0,0,0,1;3.0,1.4,3.5,1.1,5.5,4.2;0
25,27,30,30,32,32;2,2,0,1,3,1;2.2,1.2,2.4,5.3,1.1,3.6;0
25,27,32,32,33,39;2,3,3,1,0,1;1.2,3.5,1.1,3.6,5.2,1.3;0
25,27,32,33,35,38;2,2,3,0,0,0;2.2,3.3,1.1,1.2,3.6,5.3;0
25,27,33,39,39,39;1,2,0,0,3,3;5.5,3.3,1.2,1.1,3.2,3.6;0
25,28,30,31,34,39;1,2,0,2,0,3;5.5,1.4,3.3,3.0,1.1,3.6;0
25,28,31,32,34,38;1,2,2,2,0,1;3.6,1.4,3.0,5.4,1.1,3.3;0
25,28,31,32,34,39;1,2,3,2,0,3;5.5,1.4,3.4,3.0,1.1,3.6;0
25,28,33,35,39,39;1,1,0,3,0,3;5.5,3.4,1.2,3.2,1.1,3.6;0
25,29,30,31,32,39;1,0,1,0,3,3;5.5,2.5,1.2,3.2,1.1,3.6;0
25,29,31,32,32,34;2,3,2,0,0,0;3.3,1.3,3.0,1.1,3.5,5.5;0
25,29,32,32,32,39;0,3,3,1,1,3;3.5,1.3,1.1,1.2,3.6,4.3;0
25,29,32,32,34,39;3,3,0,0,0,1;3.0,1.3,1.1,3.5,5.5,4.2;0
26,26,32,32,34,34;0,0,2,0,0,0;1.4,4.3,3.0,3.5,1.1,5.5;1
26,27,30,30,32,39;0,2,0,1,1,0;3.2,1.2,2.4,5.3,3.6,1.1;0
26,27,32,32,33,34;0,3,2,1,0,0;1.4,3.5,3.0,3.6,5.2,1.1;0
26,27,33,35,38,39;0,2,0,0,0,0;3.2,3.3,1.2,3.6,5.3,1.1;0
26,29,32,32,32,34;0,3,3,1,0,0;4.3,1.3,1.1,1.2,3.5,5.5;0
27,27,30,30,32,32;3,1,1,1,3,1;2.5,3.2,1.2,5.3,1.1,3.6;1
27,27,32,32,33,33;1,3,3,1,0,0;2.2,3.5,1.1,3.6,1.2,5.2;1
27,27,39,39,39,39;2,0,0,1,3,2;1.2,4.4,1.1,2.4,3.2,4.6;1
27,28,30,30,32,35;0,2,1,0,3,2;4.4,2.5,1.2,3.2,1.1,4.5;0
27,28,33,35,35,38;0,2,0,2,2,2;2.3,2.5,5.2,2.0,4.5,1.1;0
27,29,30,30,32,39;0,0,1,0,3,3;4.4,4.7,1.2,3.2,1.1,2.5;0
27,29,32,32,32,33;3,3,3,1,1,0;3.5,1.3,1.1,1.2,3.6,5.2;0
27,29,33,35,38,39;2,3,0,0,0,2;1.2,2.4,5.2,1.1,3.1,4.6;0
28,28,30,30,32,32;0,2,1,1,1,3;2.0,3.6,1.1,5.4,1.4,3.3;1
28,28,30,32,34,39;2,1,1,2,0,3;3.6,4.3,5.4,3.0,1.1,1.4;0
28,28,31,31,39,39;3,1,2,0,0,2;2.5,3.2,1.2,4.3,1.1,4.6;1
28,28,32,32,33,34;2,2,2,1,0,0;1.4,3.4,3.0,3.6,5.2,1.1;0
28,28,33,35,38,39;1,1,0,0,0,0;3.2,3.4,1.2,3.6,5.3,1.1;0
28,29,30,30,32,34;2,0,1,1,3,1;3.6,2.5,1.2,5.4,1.1,3.2;0
28,29,30,31,33,39;1,0,1,0,0,0;3.2,4.7,3.4,4.3,1.2,1.1;0
28,29,31,34,35,38;1,2,2,0,0,0;3.4,1.4,3.0,1.1,3.6,5.3;0
28,29,32,32,34,34;2,1,2,1,0,1;1.4,4.3,3.0,3.6,1.1,3.4;0
29,29,30,30,33,33;2,0,1,1,0,0;1.1,4.7,3.1,3.4,1.2,5.2;1
29,29,30,31,31,34;2,0,1,2,0,0;1.4,4.7,3.4,3.0,4.3,1.1;0
29,29,30,32,33,38;2,0,1,3,0,1;1.4,4.7,3.4,1.1,5.2,1.2;0
29,29,30,33,33,34;2,0,1,0,0,0;1.4,4.7,3.4,3.0,5.2,1.1;0
29,29,32,32,32,32;3,1,3,1,3,1;1.3,4.3,1.1,1.2,3.5,3.6;1
29,29,32,32,38,38;2,0,3,1,1,3;1.4,4.4,1.1,3.6,1.2,3.4;1
29,29,32,33,34,38;2,0,3,0,0,1;1.4,4.4,1.1,3.4,5.5,1.2;0
29,29,33,33,34,34;2,0,0,0,0,0;1.4,4.4,3.0,3.4,1.1,5.5;1
29,29,33,33,37,37;2,0,0,0,2,2;1.1,4.7,1.2,5.2,3.1,4.1;1
